11623978467,4007031098,248.84
11623978318,4007031055,248.84
11623978171,4007031012,248.84
11623978024,4007030970,248.84
11623977878,4007030928,248.84
11623977734,4007030886,248.84
11623977588,4007030844,248.83
11623977444,4007030802,248.83
11623977301,4007030760,248.83
11623977158,4007030719,248.82
11623977016,4007030678,248.82
11623976875,4007030638,248.81
11623976734,4007030597,248.80
11623976594,4007030557,248.79
11623976455,4007030517,248.78
11623976316,4007030477,248.77
11623976179,4007030437,248.76
11623976042,4007030397,248.75
11623975906,4007030358,248.73
11623975771,4007030318,248.72
11623975636,4007030279,248.70
11623975502,4007030240,248.68
11623975369,4007030202,248.66
11623975237,4007030163,248.63
11623975107,4007030125,248.61
11623974975,4007030087,248.58
11623974845,4007030049,248.55
11623974716,4007030012,248.51
11623974587,4007029974,248.48
11623974460,4007029937,248.45
11623974333,4007029900,248.41
11623974207,4007029863,248.38
11623974082,4007029827,248.34
11623973957,4007029790,248.30
11623973834,4007029754,248.26
11623973710,4007029717,248.22
11623973589,4007029682,248.18
11623973467,4007029646,248.13
11623973346,4007029610,248.08
11623973227,4007029574,248.03
11623973108,4007029539,247.98
11623972990,4007029504,247.93
11623972873,4007029469,247.87
11623972757,4007029434,247.81
11623972643,4007029399,247.74
11623972526,4007029364,247.67
11623972414,4007029330,247.60
11623972301,4007029296,247.53
11623972136,4007029246,247.41
11623971973,4007029196,247.28
11623971811,4007029147,247.14
11623971651,4007029097,246.99
11623971493,4007029049,246.83
11623971337,4007029000,246.66
11623971183,4007028952,246.48
11623971032,4007028904,246.29
11623970882,4007028856,246.09
11623970735,4007028809,245.88
11623970590,4007028762,245.66
11623970446,4007028715,245.43
11623970305,4007028668,245.19
11623970166,4007028621,244.95
11623970028,4007028574,244.70
11623969895,4007028528,244.44
11623969762,4007028482,244.18
11623969632,4007028436,243.91
11623969503,4007028390,243.63
11623969377,4007028345,243.34
11623969252,4007028300,243.05
11623969131,4007028255,242.75
11623969012,4007028210,242.46
11623968894,4007028166,242.15
11623968779,4007028121,241.85
11623968665,4007028077,241.53
11623968554,4007028034,241.21
11623968445,4007027991,240.87
11623968338,4007027948,240.53
11623968233,4007027905,240.17
11623968129,4007027863,239.81
11623967994,4007027807,239.32
11623967861,4007027751,238.81
11623967730,4007027694,238.30
11623967602,4007027637,237.77
11623967477,4007027580,237.23
11623967351,4007027522,236.66
11623967228,4007027464,236.07
11623967106,4007027406,235.46
11623966987,4007027347,234.84
11623966868,4007027287,234.21
11623966752,4007027227,233.56
11623966637,4007027166,232.90
11623966524,4007027105,232.21
11623966411,4007027044,231.50
11623966302,4007026982,230.76
11623966194,4007026920,229.99
11623966089,4007026858,229.21
11623965985,4007026795,228.40
11623965885,4007026731,227.58
11623965787,4007026667,226.75
11623965691,4007026601,225.91
11623965597,4007026536,225.06
11623965505,4007026470,224.21
11623965416,4007026404,223.35
11623965329,4007026338,222.50
11623965243,4007026271,221.63
11623965161,4007026204,220.75
11623965081,4007026138,219.85
11623965000,4007026072,218.92
11623964904,4007025989,217.73
11623964812,4007025905,216.51
11623964723,4007025822,215.25
11623964637,4007025738,213.97
11623964557,4007025654,212.67
11623964479,4007025569,211.36
11623964405,4007025483,210.04
11623964334,4007025397,208.70
11623964266,4007025310,207.36
11623964200,4007025223,206.01
11623964138,4007025135,204.66
11623964079,4007025047,203.32
11623964024,4007024958,201.99
11623963972,4007024868,200.67
11623963924,4007024778,199.35
11623963879,4007024687,198.04
11623963836,4007024597,196.72
11623963797,4007024506,195.41
11623963759,4007024415,194.10
11623963727,4007024324,192.79
11623963697,4007024233,191.50
11623963670,4007024141,190.22
11623963646,4007024049,188.93
11623963623,4007023958,187.64
11623963604,4007023865,186.34
11623963586,4007023773,185.04
11623963570,4007023680,183.74
11623963557,4007023586,182.45
11623963547,4007023492,181.17
11623963540,4007023399,179.89
11623963537,4007023305,178.61
11623963536,4007023211,177.33
11623963538,4007023118,176.05
11623963543,4007023023,174.77
11623963550,4007022929,173.47
11623963560,4007022834,172.17
11623963572,4007022739,170.87
11623963588,4007022644,169.60
11623963607,4007022550,168.32
11623963629,4007022456,167.04
11623963653,4007022361,165.75
11623963680,4007022268,164.45
11623963710,4007022174,163.15
11623963743,4007022081,161.84
11623963778,4007021988,160.54
11623963816,4007021895,159.22
11623963857,4007021803,157.93
11623963899,4007021711,156.61
11623963945,4007021620,155.29
11623963994,4007021529,153.97
11623964045,4007021440,152.66
11623964101,4007021351,151.37
11623964159,4007021264,150.05
11623964220,4007021177,148.72
11623964283,4007021090,147.38
11623964349,4007021005,146.06
11623964418,4007020921,144.72
11623964489,4007020837,143.38
11623964562,4007020755,142.06
11623964639,4007020673,140.72
11623964717,4007020592,139.38
11623964799,4007020513,138.04
11623964882,4007020436,136.69
11623964968,4007020360,135.35
11623965056,4007020286,134.02
11623965149,4007020213,132.68
11623965241,4007020142,131.34
11623965336,4007020072,129.99
11623965433,4007020003,128.63
11623965533,4007019936,127.28
11623965635,4007019871,125.93
11623965739,4007019808,124.58
11623965845,4007019747,123.23
11623965953,4007019687,121.87
11623966063,4007019629,120.51
11623966174,4007019574,119.15
11623966288,4007019520,117.80
11623966402,4007019468,116.44
11623966519,4007019419,115.09
11623966637,4007019371,113.74
11623966756,4007019326,112.38
11623966876,4007019282,111.02
11623966998,4007019241,109.66
11623967121,4007019202,108.30
11623967246,4007019165,106.96
11623967371,4007019131,105.61
11623967498,4007019098,104.26
11623967625,4007019068,102.92
11623967753,4007019040,101.58
11623967882,4007019015,100.24
11623968013,4007018991,98.91
11623968142,4007018970,97.58
11623968275,4007018952,96.27
11623968407,4007018936,94.96
11623968539,4007018923,93.64
11623968671,4007018912,92.33
11623968804,4007018903,91.01
11623968936,4007018897,89.70
11623969068,4007018893,88.40
11623969203,4007018891,87.11
11623969336,4007018892,85.84
11623969471,4007018895,84.59
11623969604,4007018900,83.36
11623969738,4007018907,82.17
11623969873,4007018917,81.01
11623970009,4007018929,79.88
11623970145,4007018943,78.79
11623970281,4007018959,77.73
11623970417,4007018977,76.70
11623970553,4007018996,75.69
11623970688,4007019018,74.72
11623970824,4007019042,73.78
11623970962,4007019068,72.89
11623971098,4007019097,72.05
11623971235,4007019129,71.26
11623971372,4007019162,70.50
11623971509,4007019197,69.77
11623971646,4007019232,69.06
11623971783,4007019270,68.38
11623971894,4007019301,67.86
11623972030,4007019341,67.23
11623972167,4007019382,66.64
11623972276,4007019417,66.19
11623972386,4007019452,65.76
11623972495,4007019488,65.37
11623972604,4007019524,65.01
11623972713,4007019562,64.68
11623972822,4007019600,64.39
11623972932,4007019639,64.13
11623973041,4007019678,63.90
11623973150,4007019718,63.69
11623973259,4007019757,63.50
11623973369,4007019797,63.33
11623973478,4007019838,63.18
11623973589,4007019878,63.05
11623973696,4007019920,62.95
11623973805,4007019962,62.87
11623973914,4007020005,62.81
11623974023,4007020048,62.76
11623974132,4007020092,62.73
11623974242,4007020135,62.72
11623974351,4007020178,62.72
11623974460,4007020222,62.74
11623974569,4007020265,62.77
11623974679,4007020309,62.80
11623974789,4007020352,62.82
11623974900,4007020395,62.85
11623975010,4007020439,62.88
11623975122,4007020483,62.93
11623975234,4007020527,62.99
11623975347,4007020571,63.07
11623975459,4007020616,63.16
11623975575,4007020661,63.26
11623975692,4007020707,63.35
11623975808,4007020752,63.45
11623975926,4007020797,63.54
11623976046,4007020843,63.63
11623976165,4007020888,63.72
11623976287,4007020934,63.81
11623976409,4007020981,63.91
11623976532,4007021027,64.02
11623976657,4007021074,64.12
11623976782,4007021122,64.22
11623976908,4007021169,64.31
11623977036,4007021216,64.42
11623977165,4007021264,64.52
11623977294,4007021312,64.62
11623977425,4007021360,64.72
11623977557,4007021407,64.81
11623977689,4007021455,64.92
11623977821,4007021504,65.01
11623977957,4007021552,65.09
11623978092,4007021600,65.19
11623978229,4007021649,65.28
11623978367,4007021698,65.37
11623978505,4007021747,65.45
11623978644,4007021797,65.55
11623978785,4007021846,65.64
11623978927,4007021896,65.72
11623979034,4007021933,65.78
11623979143,4007021970,65.84
11623979250,4007022008,65.90
11623979359,4007022045,65.95
11623979468,4007022083,66.01
11623979580,4007022121,66.06
11623979692,4007022159,66.13
11623979804,4007022198,66.20
11623979917,4007022236,66.26
11623980031,4007022275,66.31
11623980146,4007022314,66.38
11623980262,4007022353,66.44
11623980378,4007022392,66.50
11623980495,4007022431,66.55
11623980614,4007022470,66.61
11623980733,4007022509,66.67
11623980853,4007022549,66.73
11623980972,4007022589,66.79
11623981096,4007022629,66.84
11623981217,4007022670,66.92
11623981340,4007022710,66.98
11623981464,4007022751,67.03
11623981589,4007022791,67.09
11623981714,4007022832,67.14
11623981842,4007022873,67.18
11623981970,4007022914,67.22
11623982098,4007022955,67.26
11623982228,4007022996,67.30
11623982358,4007023038,67.34
11623982489,4007023080,67.37
11623982621,4007023122,67.40
11623982754,4007023164,67.43
11623982887,4007023206,67.45
11623983021,4007023249,67.48
