11632966444,4000976062,319.16,32768
11632966437,4000976068,319.32,32768
11632966418,4000976085,319.32,32768
11632966386,4000976114,319.32,32768
11632966342,4000976154,319.32,32768
11632966285,4000976205,319.32,32768
11632966215,4000976267,319.32,32768
11632966133,4000976341,319.32,32768
11632966039,4000976425,319.32,32768
11632965932,4000976521,319.32,32768
11632965814,4000976627,319.32,32768
11632965683,4000976744,319.32,32768
11632965540,4000976873,319.32,32768
11632965385,4000977011,319.32,32768
11632965218,4000977161,319.32,32768
11632965040,4000977321,319.32,32768
11632964849,4000977492,319.32,32768
11632964647,4000977673,319.32,32768
11632964433,4000977865,319.32,32768
11632964208,4000978067,319.32,32768
11632963971,4000978279,319.32,32768
11632963723,4000978501,319.32,32768
11632963464,4000978734,319.32,32768
11632963193,4000978977,319.32,32768
11632962911,4000979229,319.32,32768
11632962618,4000979492,319.32,32768
11632962314,4000979765,319.32,32768
11632961999,4000980047,319.32,32768
11632961673,4000980339,319.32,32768
11632961336,4000980641,319.32,32768
11632960989,4000980953,319.32,32768
11632960631,4000981274,319.32,32768
11632960262,4000981604,319.32,32768
11632959883,4000981944,319.32,32768
11632959493,4000982294,319.32,32768
11632959093,4000982652,319.32,32768
11632958682,4000983020,319.32,32768
11632958262,4000983398,319.32,32768
11632957831,4000983784,319.32,32768
11632957390,4000984179,319.32,32768
11632956939,4000984584,319.32,32768
11632956478,4000984997,319.32,32768
11632956007,4000985419,319.32,32768
11632955526,4000985850,319.32,32768
11632955036,4000986290,319.32,32768
11632954535,4000986738,319.32,32768
11632954026,4000987195,319.32,32768
11632953506,4000987661,319.32,32768
11632952978,4000988135,319.32,32768
11632952440,4000988617,319.32,32768
11632951892,4000989108,319.32,32768
11632951336,4000989607,319.32,32768
11632950770,4000990114,319.32,32768
11632950195,4000990629,319.32,32768
11632949611,4000991153,319.32,32768
11632949018,4000991684,319.32,32768
11632948416,4000992224,319.32,32768
11632947806,4000992771,319.32,32768
11632947187,4000993326,319.32,32768
11632946559,4000993889,319.32,32768
11632945922,4000994460,319.32,32768
11632945277,4000995038,319.32,32768
11632944624,4000995624,319.32,32768
11632943962,4000996217,319.32,32768
11632943292,4000996818,319.32,32768
11632942613,4000997426,319.32,32768
11632941927,4000998042,319.32,32768
11632941232,4000998665,319.32,32768
11632940529,4000999294,319.32,32768
11632939819,4000999932,319.32,32768
11632939100,4001000576,319.32,32768
11632938374,4001001227,319.32,32768
11632937640,4001001885,319.32,32768
11632936899,4001002550,319.32,32768
11632936149,4001003221,319.32,32768
11632935393,4001003900,319.32,32768
11632934629,4001004585,319.32,32768
11632933857,4001005276,319.32,32768
11632933078,4001005974,319.32,32768
11632932292,4001006679,319.32,32768
11632931499,4001007390,319.32,32768
11632930699,4001008108,319.32,32768
11632929892,4001008831,319.32,32768
11632929077,4001009561,319.32,32768
11632928256,4001010297,319.32,32768
11632927429,4001011039,319.32,32768
11632926594,4001011788,319.32,32768
11632925753,4001012542,319.32,32768
11632924905,4001013302,319.32,32768
11632924051,4001014067,319.32,32768
11632923190,4001014839,319.32,32768
11632922323,4001015616,319.32,32768
11632921450,4001016399,319.32,32768
11632920571,4001017188,319.32,32768
11632919685,4001017982,319.32,32768
11632918793,4001018781,319.32,32768
11632917895,4001019586,319.32,32768
11632916992,4001020396,319.32,32768
11632916082,4001021211,319.32,32768
11632915167,4001022032,319.32,32768
11632914246,4001022857,319.32,32768
11632913320,4001023688,319.32,32768
11632912387,4001024524,319.32,32768
11632911450,4001025364,319.32,32768
11632910507,4001026210,319.32,32768
11632909558,4001027060,319.32,32768
11632908605,4001027915,319.32,32768
11632907646,4001028775,319.32,32768
11632906682,4001029639,319.32,32768
11632905713,4001030508,319.32,32768
11632904739,4001031381,319.32,32768
11632903760,4001032258,319.32,32768
11632902776,4001033140,319.32,32768
11632901788,4001034027,319.32,32768
11632900794,4001034917,319.32,32768
11632899796,4001035812,319.32,32768
11632898794,4001036710,319.32,32768
11632897787,4001037613,319.32,32768
11632896776,4001038520,319.32,32768
11632895760,4001039430,319.32,32768
11632894740,4001040344,319.32,32768
11632893716,4001041263,319.32,32768
11632892688,4001042184,319.32,32768
11632891656,4001043110,319.32,32768
11632890620,4001044039,319.32,32768
11632889579,4001044971,319.32,32768
11632888535,4001045907,319.32,32768
11632887488,4001046846,319.32,32768
11632886436,4001047789,319.32,32768
11632885381,4001048735,319.32,32768
11632884323,4001049684,319.32,32768
11632883261,4001050636,319.32,32768
11632882195,4001051591,319.32,32768
11632881127,4001052549,319.32,32768
11632880055,4001053510,319.32,32768
11632878979,4001054474,319.32,32768
11632877901,4001055441,319.32,32768
11632876820,4001056410,319.32,32768
11632875735,4001057382,319.32,32768
11632874648,4001058357,319.32,32768
11632873558,4001059334,319.32,32768
11632872465,4001060314,319.32,32768
11632871370,4001061296,319.32,32768
11632870272,4001062280,319.32,32768
11632869171,4001063267,319.32,32768
11632868068,4001064256,319.32,32768
11632866963,4001065247,319.32,32768
11632865855,4001066240,319.32,32768
11632864745,4001067235,319.32,32768
11632863633,4001068232,319.32,32768
11632862519,4001069231,319.32,32768
11632861403,4001070232,319.32,32768
11632860284,4001071234,319.32,32768
11632859164,4001072238,319.32,32768
11632858042,4001073244,319.32,32768
11632856919,4001074252,319.32,32768
11632855793,4001075260,319.32,32768
11632854666,4001076271,319.32,32768
11632853538,4001077282,319.32,32768
11632852408,4001078295,319.32,32768
11632851277,4001079309,319.32,32768
11632850144,4001080325,319.32,32768
11632849010,4001081341,319.32,32768
11632847875,4001082359,319.32,32768
11632846739,4001083377,319.32,32768
11632845602,4001084397,319.32,32768
11632844464,4001085417,319.32,32768
11632843325,4001086438,319.32,32768
11632842186,4001087460,319.32,32768
11632841045,4001088482,319.32,32768
11632839904,4001089505,319.32,32768
11632838762,4001090529,319.32,32768
11632837620,4001091553,319.32,32768
11632836478,4001092577,319.32,32768
11632835335,4001093602,319.32,32768
11632834191,4001094627,319.32,32768
11632833048,4001095652,319.32,32768
11632831904,4001096677,319.32,32768
11632830760,4001097702,319.32,32768
11632829617,4001098728,319.32,32768
11632828473,4001099753,319.32,32768
11632827329,4001100778,319.32,32768
11632826186,4001101803,319.32,32768
11632825043,4001102828,319.32,32768
11632823900,4001103853,319.32,32768
11632822758,4001104877,319.32,32768
11632821616,4001105900,319.32,32768
11632820475,4001106923,319.32,32768
11632819334,4001107946,319.32,32768
11632818194,4001108968,319.32,32768
11632817055,4001109989,319.32,32768
11632815917,4001111009,319.32,32768
11632814780,4001112029,319.32,32768
11632813644,4001113048,319.32,32768
11632812508,4001114065,319.32,32768
11632811374,4001115082,319.32,32768
11632810241,4001116098,319.32,32768
11632809110,4001117112,319.32,32768
11632807980,4001118126,319.32,32768
11632806851,4001119137,319.32,32768
11632805723,4001120148,319.32,32768
11632804598,4001121157,319.32,32768
11632803474,4001122165,319.32,32768
11632802351,4001123171,319.32,32768
11632801231,4001124176,319.32,32768
11632800112,4001125179,319.32,32768
11632798995,4001126180,319.32,32768
11632797881,4001127179,319.32,32768
11632796768,4001128177,319.32,32768
11632795658,4001129172,319.32,32768
11632794549,4001130166,319.32,32768
11632793443,4001131157,319.32,32768
11632792340,4001132146,319.32,32768
11632791239,4001133134,319.32,32768
11632790140,4001134119,319.32,32768
11632789044,4001135101,319.32,32768
11632787951,4001136081,319.32,32768
11632786860,4001137059,319.32,32768
11632785772,4001138034,319.32,32768
11632784687,4001139007,319.32,32768
11632783605,4001139977,319.32,32768
11632782526,4001140944,319.32,32768
11632781450,4001141909,319.32,32768
11632780378,4001142871,319.32,32768
11632779308,4001143830,319.32,32768
11632778242,4001144785,319.32,32768
11632777179,4001145738,319.32,32768
11632776120,4001146688,319.32,32768
11632775064,4001147634,319.32,32768
11632774012,4001148578,319.32,32768
11632772963,4001149518,319.32,32768
11632771918,4001150455,319.32,32768
11632770877,4001151388,319.32,32768
11632769840,4001152318,319.32,32768
11632768807,4001153244,319.32,32768
11632767778,4001154166,319.32,32768
11632766753,4001155085,319.32,32768
11632765732,4001156001,319.32,32768
11632764715,4001156912,319.32,32768
11632763703,4001157820,319.32,32768
11632762695,4001158723,319.32,32768
11632761691,4001159623,319.32,32768
11632760693,4001160518,319.32,32768
11632759698,4001161410,319.32,32768
11632758709,4001162297,319.32,32768
11632757724,4001163180,319.32,32768
11632756744,4001164058,319.32,32768
11632755768,4001164933,319.32,32768
11632754798,4001165802,319.32,32768
11632753833,4001166668,319.32,32768
11632752873,4001167528,319.32,32768
11632751918,4001168384,319.32,32768
11632750969,4001169236,319.32,32768
11632750024,4001170082,319.32,32768
11632749085,4001170924,319.32,32768
11632748152,4001171761,319.32,32768
11632747224,4001172593,319.32,32768
11632746302,4001173419,319.32,32768
11632745385,4001174241,319.32,32768
11632744475,4001175058,319.32,32768
11632743570,4001175869,319.32,32768
11632742671,4001176675,319.32,32768
11632741777,4001177476,319.32,32768
11632740890,4001178271,319.32,32768
11632740009,4001179061,319.32,32768
11632739135,4001179845,319.32,32768
11632738266,4001180623,319.32,32768
11632737404,4001181396,319.32,32768
11632736548,4001182163,319.32,32768
11632735699,4001182925,319.32,32768
11632734857,4001183680,319.32,32768
11632734020,4001184430,319.32,32768
11632733191,4001185173,319.32,32768
11632732368,4001185911,319.32,32768
11632731553,4001186642,319.32,32768
11632730744,4001187367,319.32,32768
11632729942,4001188086,319.32,32768
11632729147,4001188799,319.32,32768
11632728360,4001189505,319.32,32768
11632727579,4001190204,319.32,32768
11632726806,4001190898,319.32,32768
11632726040,4001191584,319.32,32768
11632725282,4001192264,319.32,32768
11632724531,4001192937,319.32,32768
11632723787,4001193604,319.32,32768
11632723052,4001194263,319.32,32768
11632722324,4001194916,319.32,32768
11632721603,4001195562,319.32,32768
11632720891,4001196200,319.32,32768
11632720187,4001196832,319.32,32768
11632719490,4001197456,319.32,32768
11632718802,4001198073,319.32,32768
11632718121,4001198683,319.32,32768
11632717449,4001199286,319.32,32768
11632716786,4001199881,319.32,32768
11632716130,4001200468,319.32,32768
11632715483,4001201048,319.32,32768
11632714845,4001201621,319.32,32768
11632714215,4001202186,319.32,32768
11632713594,4001202743,319.32,32768
11632712981,4001203292,319.32,32768
11632712377,4001203833,319.32,32768
11632711782,4001204366,319.32,32768
11632711196,4001204892,319.32,32768
11632710619,4001205409,319.32,32768
11632710051,4001205918,319.32,32768
11632709493,4001206419,319.32,32768
11632708943,4001206912,319.32,32768
11632708403,4001207396,319.32,32768
11632707872,4001207872,319.32,32768
11632707351,4001208339,319.32,32768
11632706839,4001208798,319.32,32768
11632706336,4001209249,319.32,32768
11632705844,4001209690,319.32,32768
11632705361,4001210123,319.32,32768
11632704888,4001210547,319.32,32768
11632704424,4001210963,319.32,32768
11632703971,4001211369,319.32,32768
11632703528,4001211767,319.32,32768
11632703094,4001212155,319.32,32768
11632702671,4001212534,319.32,32768
11632702258,4001212904,319.32,32768
11632701856,4001213265,319.32,32768
11632701464,4001213617,319.32,32768
11632701082,4001213959,319.32,32768
11632700711,4001214292,319.32,32768
11632700350,4001214615,319.32,32768
11632700000,4001214929,319.32,32768
11632699661,4001215233,319.32,32768
11632699333,4001215527,319.32,32768
11632699015,4001215812,319.32,32768
11632698709,4001216087,319.32,32768
11632698413,4001216352,319.32,32768
11632698129,4001216607,319.32,32768
11632697855,4001216852,319.32,32768
11632697593,4001217087,319.32,32768
11632697342,4001217312,319.32,32768
11632697103,4001217526,319.32,32768
11632696875,4001217731,319.32,32768
11632696659,4001217925,319.32,32768
11632696454,4001218108,319.32,32768
11632696261,4001218281,319.32,32768
11632696080,4001218444,319.32,32768
11632695910,4001218596,319.32,32768
11632695752,4001218737,319.32,32768
11632695607,4001218868,319.32,32768
11632695473,4001218988,319.32,32768
11632695352,4001219097,319.32,32768
11632695242,4001219195,319.32,32768
11632695145,4001219282,319.32,32768
11632695060,4001219358,319.32,32768
11632694988,4001219423,319.32,32768
11632694928,4001219476,319.32,32768
11632694880,4001219519,319.32,32768
11632694846,4001219550,319.32,32768
11632694824,4001219570,319.32,32768
11632694814,4001219578,319.32,32768
11632694814,4001219578,319.44,32768
11632694814,4001219578,319.30,32768
11632694788,4001219601,319.31,32768
11632694713,4001219669,319.31,32768
11632694588,4001219781,319.31,32768
11632694416,4001219935,319.31,32768
11632694197,4001220131,319.31,32768
11632693933,4001220368,319.31,32768
11632693624,4001220645,319.32,32768
11632693272,4001220960,319.32,32768
11632692878,4001221314,319.32,32768
11632692443,4001221704,319.32,32768
11632691968,4001222129,319.32,32768
11632691455,4001222589,319.32,32768
11632690904,4001223083,319.32,32768
11632690317,4001223609,319.32,32768
11632689695,4001224167,319.32,32768
11632689039,4001224755,319.32,32768
11632688350,4001225373,319.32,32768
11632687629,4001226019,319.32,32768
11632686877,4001226693,319.32,32768
11632686096,4001227393,319.32,32768
11632685287,4001228119,319.32,32768
11632684451,4001228868,319.32,32768
11632683589,4001229642,319.32,32768
11632682702,4001230437,319.32,32768
11632681791,4001231254,319.32,32768
11632680858,4001232090,319.32,32768
11632679903,4001232946,319.33,32768
11632678928,4001233821,319.33,32768
11632677934,4001234712,319.33,32768
11632676922,4001235619,319.33,32768
11632675893,4001236542,319.33,32768
11632674849,4001237479,319.33,32768
11632673790,4001238428,319.33,32768
11632672718,4001239390,319.33,32768
11632671633,4001240362,319.33,32768
11632670538,4001241345,319.33,32768
11632669432,4001242336,319.33,32768
11632668318,4001243336,319.33,32768
11632667196,4001244342,319.33,32768
11632666068,4001245354,319.33,32768
11632664934,4001246371,319.34,32768
11632663797,4001247391,319.34,32768
11632662656,4001248415,319.34,32768
11632661513,4001249440,319.34,32768
11632660370,4001250465,319.34,32768
11632659227,4001251491,319.34,32768
11632658086,4001252514,319.34,32768
11632656948,4001253535,319.34,32768
11632655815,4001254552,319.35,32768
11632654687,4001255564,319.35,32768
11632653567,4001256570,319.35,32768
11632652455,4001257568,319.35,32768
11632651352,4001258557,319.35,32768
11632650261,4001259536,319.35,32768
11632649182,4001260505,319.35,32768
11632648117,4001261461,319.35,32768
11632647067,4001262403,319.35,32768
11632646033,4001263331,319.35,32768
11632645017,4001264243,319.35,32768
11632644020,4001265138,319.36,32768
11632643043,4001266015,319.36,32768
11632642088,4001266872,319.36,32768
11632641156,4001267709,319.36,32768
11632640248,4001268524,319.36,32768
11632639366,4001269316,319.36,32768
11632638511,4001270084,319.36,32768
11632637684,4001270826,319.36,32768
11632636886,4001271542,319.36,32768
11632636120,4001272230,319.36,32768
11632635386,4001272889,319.36,32768
11632634685,4001273518,319.36,32768
11632634019,4001274116,319.36,32768
11632633390,4001274681,319.36,32768
11632632797,4001275213,319.36,32768
11632632244,4001275710,319.36,32768
11632631731,4001276170,319.36,32768
11632631260,4001276594,319.36,32768
11632630831,4001276979,319.36,32768
11632630446,4001277324,319.36,32768
11632630107,4001277629,319.37,32768
11632629815,4001277891,319.37,32768
11632629570,4001278111,319.37,32768
11632629375,4001278286,319.37,32768
11632629231,4001278415,319.37,32768
11632629139,4001278498,319.37,32768
11632629101,4001278532,319.37,32768
11632629099,4001278533,319.36,32768
11632629033,4001278593,319.36,32768
11632628841,4001278765,319.36,32768
11632628530,4001279045,319.36,32768
11632628108,4001279424,319.36,32768
11632627583,4001279895,319.36,32768
11632626963,4001280451,319.36,32768
11632626256,4001281085,319.36,32768
11632625470,4001281791,319.36,32768
11632624613,4001282560,319.36,32768
11632623693,4001283387,319.36,32768
11632622717,4001284262,319.36,32768
11632621694,4001285181,319.36,32768
11632620631,4001286135,319.36,32768
11632619537,4001287118,319.36,32768
11632618418,4001288121,319.36,32768
11632617284,4001289139,319.36,32768
11632616142,4001290164,319.36,32768
11632615000,4001291189,319.36,32768
11632613866,4001292207,319.36,32768
11632612748,4001293211,319.36,32768
11632611654,4001294194,319.36,32768
11632610591,4001295148,319.36,32768
11632609568,4001296066,319.36,32768
11632608592,4001296942,319.36,32768
11632607671,4001297768,319.36,32768
11632606814,4001298538,319.36,32768
11632606028,4001299243,319.36,32768
11632605322,4001299878,319.36,32768
11632604702,4001300434,319.36,32768
11632604177,4001300905,319.36,32768
11632603755,4001301284,319.36,32768
11632603444,4001301563,319.36,32768
11632603251,4001301736,319.36,32768
11632603185,4001301795,319.30,32768
11632603149,4001301828,319.32,32768
11632603040,4001301926,319.32,32768
11632602861,4001302086,319.32,32768
11632602615,4001302306,319.32,32768
11632602305,4001302585,319.32,32768
11632601932,4001302919,319.32,32768
11632601499,4001303307,319.32,32768
11632601009,4001303746,319.32,32768
11632600464,4001304235,319.32,32768
11632599866,4001304772,319.32,32768
11632599217,4001305353,319.32,32768
11632598521,4001305977,319.32,32768
11632597780,4001306641,319.32,32768
11632596995,4001307345,319.32,32768
11632596171,4001308084,319.32,32768
11632595308,4001308858,319.32,32768
11632594409,4001309664,319.32,32768
11632593477,4001310499,319.32,32768
11632592514,4001311363,319.32,32768
11632591523,4001312251,319.32,32768
11632590506,4001313163,319.32,32768
11632589465,4001314096,319.32,32768
11632588403,4001315048,319.32,32768
11632587322,4001316017,319.32,32768
11632586226,4001317000,319.32,32768
11632585115,4001317996,319.32,32768
11632583993,4001319002,319.32,32768
11632582862,4001320016,319.32,32768
11632581724,4001321036,319.32,32768
11632580582,4001322060,319.32,32768
11632579438,4001323086,319.32,32768
11632578295,4001324110,319.32,32768
11632577155,4001325132,319.32,32768
11632576021,4001326149,319.32,32768
11632574895,4001327159,319.32,32768
11632573779,4001328159,319.32,32768
11632572676,4001329148,319.32,32768
11632571588,4001330124,319.32,32768
11632570518,4001331083,319.32,32768
11632569468,4001332025,319.32,32768
11632568440,4001332946,319.32,32768
11632567437,4001333845,319.32,32768
11632566462,4001334719,319.32,32768
11632565516,4001335567,319.32,32768
11632564603,4001336386,319.32,32768
11632563724,4001337174,319.32,32768
11632562883,4001337928,319.32,32768
11632562081,4001338647,319.32,32768
11632561321,4001339329,319.32,32768
11632560605,4001339971,319.32,32768
11632559936,4001340571,319.32,32768
11632559316,4001341126,319.32,32768
11632558747,4001341636,319.32,32768
11632558233,4001342097,319.32,32768
11632557775,4001342507,319.32,32768
11632557376,4001342865,319.32,32768
11632557039,4001343168,319.32,32768
11632556765,4001343413,319.32,32768
11632556557,4001343599,319.32,32768
11632556418,4001343724,319.32,32768
11632556350,4001343785,319.32,32768
11632556343,4001343791,319.33,32768
11632556343,4001343791,319.29,32768
11632556314,4001343817,319.29,32768
11632556228,4001343894,319.29,32768
11632556088,4001344020,319.29,32768
11632555894,4001344194,319.30,32768
11632555648,4001344414,319.30,32768
11632555352,4001344680,319.30,32768
11632555007,4001344988,319.31,32768
11632554616,4001345339,319.31,32768
11632554179,4001345730,319.31,32768
11632553699,4001346160,319.31,32768
11632553177,4001346628,319.32,32768
11632552615,4001347132,319.32,32768
11632552015,4001347670,319.33,32768
11632551377,4001348242,319.33,32768
11632550704,4001348845,319.33,32768
11632549998,4001349479,319.34,32768
11632549260,4001350141,319.34,32768
11632548491,4001350831,319.34,32768
11632547694,4001351546,319.35,32768
11632546870,4001352285,319.35,32768
11632546021,4001353048,319.36,32768
11632545148,4001353832,319.36,32768
11632544253,4001354635,319.37,32768
11632543337,4001355457,319.37,32768
11632542403,4001356296,319.38,32768
11632541452,4001357151,319.39,32768
11632540486,4001358019,319.39,32768
11632539505,4001358900,319.40,32768
11632538513,4001359793,319.40,32768
11632537510,4001360694,319.41,32768
11632536499,4001361604,319.42,32768
11632535480,4001362521,319.43,32768
11632534456,4001363442,319.44,32768
11632533428,4001364367,319.44,32768
11632532398,4001365295,319.45,32768
11632531368,4001366223,319.46,32768
11632530339,4001367151,319.47,32768
11632529312,4001368076,319.48,32768
11632528290,4001368998,319.50,32768
11632527274,4001369915,319.51,32768
11632526266,4001370825,319.52,32768
11632525267,4001371726,319.53,32768
11632524280,4001372619,319.55,32768
11632523305,4001373500,319.57,32768
11632522344,4001374369,319.58,32768
11632521400,4001375224,319.60,32768
11632520472,4001376064,319.62,32768
11632519560,4001376891,319.64,32768
11632518664,4001377703,319.66,32768
11632517783,4001378503,319.68,32768
11632516916,4001379290,319.70,32768
11632516064,4001380065,319.72,32768
11632515224,4001380829,319.75,32768
11632514398,4001381581,319.77,32768
11632513584,4001382323,319.79,32768
11632512781,4001383055,319.81,32768
11632511990,4001383777,319.84,32768
11632511210,4001384490,319.86,32768
11632510439,4001385194,319.88,32768
11632509678,4001385890,319.91,32768
11632508926,4001386578,319.93,32768
11632508183,4001387260,319.95,32768
11632507447,4001387934,319.98,32768
11632506719,4001388603,320.00,32768
11632505998,4001389266,320.03,32768
11632505282,4001389924,320.05,32768
11632504573,4001390576,320.07,32768
11632503869,4001391225,320.10,32768
11632503169,4001391870,320.12,32768
11632502473,4001392512,320.14,32768
11632501781,4001393151,320.16,32768
11632501092,4001393788,320.19,32768
11632500405,4001394423,320.21,32768
11632499720,4001395057,320.23,32768
11632499036,4001395690,320.25,32768
11632498353,4001396323,320.27,32768
11632497670,4001396956,320.28,32768
11632496987,4001397590,320.30,32768
11632496303,4001398225,320.32,32768
11632495617,4001398862,320.33,32768
11632494930,4001399501,320.35,32768
11632494240,4001400143,320.36,32768
11632493547,4001400788,320.38,32768
11632492850,4001401436,320.39,32768
11632492149,4001402089,320.40,32768
11632491443,4001402747,320.41,32768
11632490732,4001403409,320.42,32768
11632490016,4001404077,320.43,32768
11632489294,4001404750,320.44,32768
11632488567,4001405428,320.45,32768
11632487835,4001406111,320.47,32768
11632487099,4001406799,320.49,32768
11632486358,4001407492,320.51,32768
11632485613,4001408188,320.53,32768
11632484864,4001408890,320.55,32768
11632484111,4001409595,320.58,32768
11632483354,4001410305,320.60,32768
11632482593,4001411019,320.63,32768
11632481830,4001411736,320.66,32768
11632481063,4001412457,320.69,32768
11632480293,4001413182,320.72,32768
11632479521,4001413910,320.75,32768
11632478747,4001414641,320.78,32768
11632477971,4001415373,320.81,32768
11632477195,4001416107,320.83,32768
11632476419,4001416842,320.86,32768
11632475643,4001417576,320.88,32768
11632474869,4001418309,320.90,32768
11632474097,4001419041,320.92,32768
11632473328,4001419771,320.94,32768
11632472563,4001420498,320.95,32768
11632471802,4001421222,320.97,32768
11632471045,4001421941,320.98,32768
11632470294,4001422655,320.99,32768
11632469549,4001423364,321.00,32768
11632468811,4001424066,321.01,32768
11632468081,4001424762,321.02,32768
11632467359,4001425449,321.03,32768
11632466646,4001426128,321.03,32768
11632465943,4001426799,321.04,32768
11632465250,4001427459,321.04,32768
11632464568,4001428109,321.04,32768
11632463897,4001428748,321.04,32768
11632463239,4001429374,321.03,32768
11632462594,4001429989,321.03,32768
11632461962,4001430591,321.03,32768
11632461340,4001431184,321.04,32768
11632460725,4001431770,321.07,32768
11632460116,4001432351,321.10,32768
11632459510,4001432930,321.14,32768
11632458905,4001433510,321.19,32768
11632458298,4001434092,321.25,32768
11632457686,4001434679,321.31,32768
11632457069,4001435274,321.39,32768
11632456442,4001435880,321.47,32768
11632455804,4001436498,321.55,32768
11632455153,4001437131,321.64,32768
11632454485,4001437782,321.72,32768
11632453799,4001438453,321.81,32768
11632453092,4001439147,321.90,32768
11632452361,4001439866,321.99,32768
11632451605,4001440612,322.07,32768
11632450821,4001441389,322.16,32768
11632450007,4001442198,322.24,32768
11632449160,4001443042,322.31,32768
11632448277,4001443923,322.39,32768
11632447357,4001444845,322.46,32768
11632446397,4001445808,322.52,32768
11632445394,4001446817,322.59,32768
11632444347,4001447873,322.65,32768
11632443952,4001448273,322.66,32768
11632443952,4001448273,322.53,32768
11632443878,4001448346,322.54,32768
11632443666,4001448560,322.54,32768
11632443326,4001448902,322.55,32768
11632442870,4001449361,322.56,32768
11632442310,4001449925,322.57,32768
11632441657,4001450582,322.58,32768
11632440924,4001451321,322.60,32768
11632440121,4001452130,322.61,32768
11632439260,4001452998,322.63,32768
11632438354,4001453913,322.64,32768
11632437413,4001454863,322.66,32768
11632436449,4001455837,322.69,32768
11632435474,4001456823,322.71,32768
11632434499,4001457810,322.74,32768
11632433537,4001458785,322.78,32768
11632432598,4001459738,322.82,32768
11632431691,4001460661,322.87,32768
11632430815,4001461554,322.92,32768
11632429967,4001462419,322.97,32768
11632429147,4001463256,323.02,32768
11632428354,4001464069,323.07,32768
11632427585,4001464858,323.12,32768
11632426839,4001465625,323.17,32768
11632426114,4001466371,323.22,32768
11632425410,4001467097,323.27,32768
11632424724,4001467806,323.32,32768
11632424055,4001468499,323.36,32768
11632423401,4001469177,323.41,32768
11632422761,4001469842,323.45,32768
11632422134,4001470494,323.49,32768
11632421517,4001471137,323.53,32768
11632420909,4001471771,323.57,32768
11632420309,4001472398,323.60,32768
11632419716,4001473018,323.62,32768
11632419126,4001473635,323.64,32768
11632418540,4001474249,323.66,32768
11632417956,4001474861,323.67,32768
11632417371,4001475474,323.68,32768
11632416785,4001476088,323.70,32768
11632416195,4001476707,323.72,32768
11632415601,4001477331,323.75,32768
11632415000,4001477963,323.78,32768
11632414390,4001478605,323.82,32768
11632413771,4001479258,323.86,32768
11632413140,4001479925,323.91,32768
11632412496,4001480606,323.96,32768
11632411836,4001481305,324.01,32768
11632411160,4001482023,324.06,32768
11632410466,4001482762,324.12,32768
11632409752,4001483523,324.17,32768
11632409016,4001484309,324.23,32768
11632408257,4001485122,324.29,32768
11632407473,4001485964,324.34,32768
11632406662,4001486835,324.40,32768
11632405823,4001487739,324.45,32768
11632404954,4001488678,324.51,32768
11632404054,4001489651,324.56,32768
11632403132,4001490650,324.60,32768
11632402197,4001491664,324.63,32768
11632401261,4001492681,324.66,32768
11632400334,4001493689,324.69,32768
11632399428,4001494675,324.71,32768
11632398553,4001495627,324.73,32768
11632397721,4001496535,324.75,32768
11632396941,4001497385,324.76,32768
11632396226,4001498166,324.78,32768
11632395585,4001498865,324.79,32768
11632395030,4001499471,324.80,32768
11632394571,4001499972,324.81,32768
11632394220,4001500356,324.82,32768
11632393988,4001500610,324.83,32768
11632393884,4001500724,324.84,32768
11632393880,4001500729,324.84,32768
11632393880,4001500729,325.03,32768
11632393801,4001500816,325.05,32768
11632393573,4001501067,325.06,32768
11632393211,4001501466,325.07,32768
11632392730,4001501997,325.08,32768
11632392143,4001502645,325.09,32768
11632391465,4001503394,325.11,32768
11632390711,4001504227,325.12,32768
11632389894,4001505130,325.14,32768
11632389030,4001506087,325.16,32768
11632388132,4001507081,325.18,32768
11632387215,4001508098,325.21,32768
11632386293,4001509121,325.24,32768
11632385381,4001510134,325.28,32768
11632384493,4001511123,325.33,32768
11632383637,4001512077,325.38,32768
11632382813,4001512998,325.43,32768
11632382017,4001513889,325.48,32768
11632381250,4001514749,325.54,32768
11632380509,4001515582,325.59,32768
11632379793,4001516389,325.64,32768
11632379099,4001517171,325.70,32768
11632378427,4001517931,325.75,32768
11632377775,4001518670,325.81,32768
11632377140,4001519391,325.86,32768
11632376522,4001520093,325.91,32768
11632375919,4001520781,325.95,32768
11632375329,4001521454,326.00,32768
11632374750,4001522116,326.04,32768
11632374181,4001522767,326.07,32768
11632373620,4001523410,326.10,32768
11632373066,4001524046,326.13,32768
11632372517,4001524677,326.15,32768
11632371970,4001525305,326.17,32768
11632371426,4001525932,326.18,32768
11632370881,4001526558,326.19,32768
11632370334,4001527187,326.20,32768
11632369785,4001527820,326.22,32768
11632369231,4001528458,326.24,32768
11632368671,4001529105,326.27,32768
11632368103,4001529760,326.31,32768
11632367526,4001530427,326.34,32768
11632366939,4001531108,326.39,32768
11632366339,4001531803,326.43,32768
11632365726,4001532516,326.48,32768
11632365098,4001533247,326.52,32768
11632364454,4001533999,326.57,32768
11632363791,4001534773,326.62,32768
11632363108,4001535572,326.67,32768
11632362405,4001536398,326.73,32768
11632361679,4001537251,326.78,32768
11632360929,4001538134,326.83,32768
11632360154,4001539049,326.88,32768
11632359351,4001539998,326.92,32768
11632358520,4001540982,326.97,32768
11632357661,4001542001,327.01,32768
11632356783,4001543044,327.05,32768
11632355900,4001544095,327.08,32768
11632355022,4001545140,327.10,32768
11632354162,4001546165,327.13,32768
11632353331,4001547156,327.14,32768
11632352542,4001548098,327.16,32768
11632351807,4001548976,327.18,32768
11632351137,4001549777,327.19,32768
11632350544,4001550485,327.20,32768
11632350041,4001551087,327.21,32768
11632349640,4001551567,327.22,32768
11632349351,4001551912,327.23,32768
11632349189,4001552107,327.24,32768
11632349156,4001552147,327.24,32768
11632349156,4001552147,327.64,32768
11632349102,4001552212,327.65,32768
11632348944,4001552404,327.67,32768
11632348691,4001552712,327.69,32768
11632348350,4001553128,327.70,32768
11632347928,4001553643,327.72,32768
11632347432,4001554248,327.74,32768
11632346870,4001554934,327.77,32768
11632346250,4001555693,327.79,32768
11632345578,4001556515,327.82,32768
11632344863,4001557392,327.85,32768
11632344111,4001558314,327.88,32768
11632343330,4001559273,327.91,32768
11632342528,4001560260,327.95,32768
11632341711,4001561266,328.00,32768
11632340888,4001562282,328.05,32768
11632340066,4001563299,328.11,32768
11632339252,4001564309,328.18,32768
11632338453,4001565302,328.25,32768
11632337677,4001566269,328.35,32768
11632336932,4001567203,328.46,32768
11632336225,4001568093,328.59,32768
11632335563,4001568931,328.76,32768
11632334948,4001569715,328.93,32768
11632334360,4001570469,329.06,32768
11632333774,4001571225,329.13,32768
11632333163,4001572012,329.13,32768
11632332505,4001572860,329.09,32768
11632331796,4001573772,329.06,32768
11632331047,4001574734,329.03,32768
11632330268,4001575734,329.01,32768
11632329470,4001576757,328.99,32768
11632328664,4001577790,328.97,32768
11632327861,4001578819,328.96,32768
11632327071,4001579830,328.95,32768
11632326305,4001580810,328.94,32768
11632325575,4001581744,328.93,32768
11632324889,4001582620,328.92,32768
11632324261,4001583424,328.91,32768
11632323700,4001584141,328.91,32768
11632323216,4001584759,328.90,32768
11632322821,4001585263,328.90,32768
11632322526,4001585640,328.89,32768
11632322341,4001585877,328.89,32768
11632322277,4001585959,257.80,32768
11632322277,4001585959,328.87,32768
11632322277,4001585959,330.10,32768
11632322187,4001586079,330.09,32768
11632321933,4001586420,330.09,32768
11632321536,4001586952,330.10,32768
11632321017,4001587647,330.10,32768
11632320400,4001588474,330.10,32768
11632319705,4001589406,330.10,32768
11632318954,4001590412,330.11,32768
11632318170,4001591463,330.11,32768
11632317374,4001592531,330.11,32768
11632316588,4001593585,330.12,32768
11632315834,4001594597,330.13,32768
11632315124,4001595549,330.14,32768
11632314457,4001596445,330.15,32768
11632313827,4001597291,330.17,32768
11632313231,4001598093,330.20,32768
11632312662,4001598859,330.23,32768
11632312117,4001599593,330.26,32768
11632311592,4001600303,330.30,32768
11632311080,4001600994,330.34,32768
11632310579,4001601673,330.38,32768
11632310084,4001602346,330.43,32768
11632309589,4001603019,330.48,32768
11632309090,4001603698,330.52,32768
11632308582,4001604390,330.57,32768
11632308062,4001605101,330.61,32768
11632307525,4001605838,330.64,32768
11632306965,4001606606,330.68,32768
11632306378,4001607411,330.71,32768
11632305760,4001608260,330.73,32768
11632305106,4001609160,330.75,32768
11632304412,4001610116,330.77,32768
11632303673,4001611134,330.78,32768
11632302899,4001612200,330.79,32768
11632302116,4001613280,330.80,32768
11632301345,4001614342,330.80,32768
11632300612,4001615353,330.81,32768
11632299942,4001616278,330.81,32768
11632299357,4001617085,330.81,32768
11632298882,4001617740,330.81,32768
11632298542,4001618210,330.82,32768
11632298360,4001618461,330.82,32768
11632298336,4001618493,330.81,32768
11632298336,4001618493,331.45,32768
11632298253,4001618611,331.45,32768
11632298016,4001618947,331.45,32768
11632297645,4001619473,331.46,32768
11632297160,4001620161,331.47,32768
11632296579,4001620985,331.48,32768
11632295922,4001621916,331.50,32768
11632295209,4001622928,331.51,32768
11632294460,4001623993,331.53,32768
11632293692,4001625084,331.55,32768
11632292928,4001626173,331.58,32768
11632292184,4001627233,331.62,32768
11632291470,4001628252,331.66,32768
11632290785,4001629232,331.70,32768
11632290127,4001630174,331.74,32768
11632289494,4001631083,331.78,32768
11632288884,4001631959,331.82,32768
11632288296,4001632806,331.87,32768
11632287727,4001633627,331.91,32768
11632287176,4001634423,331.95,32768
11632286641,4001635198,332.00,32768
11632286120,4001635954,332.04,32768
11632285612,4001636693,332.08,32768
11632285114,4001637418,332.12,32768
11632284624,4001638132,332.15,32768
11632284141,4001638836,332.19,32768
11632283664,4001639535,332.21,32768
11632283189,4001640229,332.24,32768
11632282716,4001640923,332.26,32768
11632282242,4001641617,332.27,32768
11632281766,4001642316,332.28,32768
11632281285,4001643021,332.29,32768
11632280799,4001643734,332.29,32768
11632280305,4001644459,332.29,32768
11632279801,4001645198,332.28,32768
11632279288,4001645951,332.28,32768
11632278766,4001646717,332.29,32768
11632278237,4001647494,332.30,32768
11632277702,4001648280,332.33,32768
11632277162,4001649074,332.35,32768
11632276617,4001649876,332.39,32768
11632276071,4001650682,332.43,32768
11632275522,4001651492,332.48,32768
11632274974,4001652305,332.53,32768
11632274426,4001653118,332.59,32768
11632273880,4001653930,332.66,32768
11632273338,4001654740,332.74,32768
11632272799,4001655547,332.81,32768
11632272264,4001656351,332.88,32768
11632271732,4001657153,332.95,32768
11632271203,4001657952,333.01,32768
11632270677,4001658750,333.06,32768
11632270152,4001659547,333.11,32768
11632269629,4001660342,333.16,32768
11632269108,4001661137,333.19,32768
11632268587,4001661933,333.23,32768
11632268066,4001662728,333.25,32768
11632267546,4001663524,333.27,32768
11632267025,4001664322,333.29,32768
11632266505,4001665120,333.31,32768
11632265984,4001665919,333.33,32768
11632265463,4001666718,333.35,32768
11632264942,4001667519,333.36,32768
11632264421,4001668320,333.38,32768
11632263900,4001669121,333.39,32768
11632263378,4001669924,333.41,32768
11632262857,4001670727,333.42,32768
11632262336,4001671530,333.43,32768
11632261815,4001672334,333.45,32768
11632261293,4001673138,333.46,32768
11632260772,4001673942,333.47,32768
11632260251,4001674747,333.48,32768
11632259730,4001675552,333.49,32768
11632259209,4001676357,333.50,32768
11632258688,4001677163,333.50,32768
11632258167,4001677968,333.51,32768
11632257647,4001678774,333.52,32768
11632257126,4001679579,333.52,32768
11632256606,4001680385,333.53,32768
11632256085,4001681190,333.53,32768
11632255565,4001681995,333.54,32768
11632255046,4001682800,333.54,32768
11632254526,4001683605,333.55,32768
11632254007,4001684410,333.56,32768
11632253488,4001685215,333.58,32768
11632252969,4001686019,333.60,32768
11632252451,4001686824,333.63,32768
11632251934,4001687629,333.66,32768
11632251417,4001688435,333.71,32768
11632250901,4001689240,333.75,32768
11632250386,4001690047,333.81,32768
11632249872,4001690854,333.86,32768
11632249358,4001691661,333.93,32768
11632248846,4001692469,334.00,32768
11632248335,4001693278,334.08,32768
11632247825,4001694089,334.16,32768
11632247316,4001694900,334.24,32768
11632246809,4001695711,334.31,32768
11632246302,4001696524,334.38,32768
11632245797,4001697338,334.44,32768
11632245293,4001698152,334.50,32768
11632244789,4001698966,334.55,32768
11632244287,4001699781,334.60,32768
11632243785,4001700597,334.65,32768
11632243284,4001701412,334.69,32768
11632242784,4001702228,334.72,32768
11632242285,4001703044,334.75,32768
11632241786,4001703860,334.78,32768
11632241287,4001704676,334.79,32768
11632240789,4001705492,334.81,32768
11632240292,4001706307,334.83,32768
11632239795,4001707123,334.84,32768
11632239298,4001707939,334.86,32768
11632238801,4001708755,334.87,32768
11632238305,4001709571,334.88,32768
11632237808,4001710388,334.90,32768
11632237311,4001711206,334.91,32768
11632236814,4001712025,334.92,32768
11632236317,4001712844,334.94,32768
11632235819,4001713665,334.95,32768
11632235321,4001714487,334.96,32768
11632234822,4001715310,334.97,32768
11632234323,4001716135,334.98,32768
11632233823,4001716961,335.00,32768
11632233323,4001717788,335.01,32768
11632232822,4001718616,335.02,32768
11632232321,4001719445,335.03,32768
11632231820,4001720275,335.04,32768
11632231319,4001721105,335.05,32768
11632230817,4001721936,335.06,32768
11632230316,4001722768,335.07,32768
11632229814,4001723600,335.07,32768
11632229312,4001724432,335.08,32768
11632228811,4001725264,335.09,32768
11632228310,4001726096,335.10,32768
11632227809,4001726928,335.11,32768
11632227308,4001727760,335.11,32768
11632226808,4001728592,335.12,32768
11632226308,4001729423,335.13,32768
11632225808,4001730254,335.13,32768
11632225309,4001731083,335.14,32768
11632224811,4001731912,335.15,32768
11632224314,4001732741,335.15,32768
11632223817,4001733568,335.16,32768
11632223321,4001734394,335.16,32768
11632222826,4001735219,335.17,32768
11632222331,4001736042,335.17,32768
11632221838,4001736864,335.18,32768
11632221346,4001737684,335.18,32768
11632220855,4001738503,335.18,32768
11632220365,4001739320,335.19,32768
11632219876,4001740135,335.19,32768
11632219389,4001740947,335.19,32768
11632218903,4001741758,335.20,32768
11632218418,4001742566,335.20,32768
11632217935,4001743372,335.20,32768
11632217454,4001744176,335.20,32768
11632216974,4001744977,335.20,32768
11632216495,4001745775,335.21,32768
11632216019,4001746570,335.21,32768
11632215544,4001747362,335.21,32768
11632215071,4001748152,335.21,32768
11632214600,4001748938,335.21,32768
11632214131,4001749720,335.21,32768
11632213664,4001750500,335.21,32768
11632213198,4001751278,335.21,32768
11632212733,4001752055,335.21,32768
11632212268,4001752831,335.21,32768
11632211804,4001753606,335.21,32768
11632211339,4001754381,335.21,32768
11632210874,4001755158,335.21,32768
11632210408,4001755935,335.22,32768
11632209941,4001756715,335.22,32768
11632209473,4001757498,335.22,32768
11632209002,4001758283,335.22,32768
11632208529,4001759073,335.22,32768
11632208054,4001759867,335.22,32768
11632207575,4001760666,335.22,32768
11632207094,4001761470,335.22,32768
11632206608,4001762281,335.23,32768
11632206119,4001763099,335.23,32768
11632205625,4001763924,335.23,32768
11632205127,4001764756,335.23,32768
11632204623,4001765598,335.23,32768
11632204114,4001766449,335.23,32768
11632203599,4001767309,335.24,32768
11632203078,4001768180,335.24,32768
11632202550,4001769061,335.24,32768
11632202016,4001769955,335.24,32768
11632201474,4001770860,335.24,32768
11632200925,4001771778,335.24,32768
11632200368,4001772710,335.25,32768
11632199803,4001773655,335.25,32768
11632199229,4001774614,335.25,32768
11632198648,4001775586,335.25,32768
11632198059,4001776571,335.25,32768
11632197463,4001777567,335.25,32768
11632196861,4001778575,335.26,32768
11632196252,4001779593,335.26,32768
11632195637,4001780621,335.26,32768
11632195017,4001781659,335.26,32768
11632194392,4001782705,335.26,32768
11632193761,4001783759,335.26,32768
11632193127,4001784821,335.26,32768
11632192488,4001785890,335.26,32768
11632191846,4001786965,335.26,32768
11632191200,4001788045,335.27,32768
11632190551,4001789131,335.27,32768
11632189900,4001790220,335.27,32768
11632189247,4001791314,335.27,32768
11632188592,4001792410,335.27,32768
11632187935,4001793509,335.27,32768
11632187277,4001794610,335.27,32768
11632186619,4001795712,335.27,32768
11632185960,4001796815,335.27,32768
11632185301,4001797917,335.27,32768
11632184643,4001799019,335.27,32768
11632183986,4001800120,335.27,32768
11632183329,4001801218,335.27,32768
11632182675,4001802314,335.27,32768
11632182022,4001803407,335.28,32768
11632181372,4001804496,335.28,32768
11632180724,4001805581,335.28,32768
11632180079,4001806660,335.28,32768
11632179438,4001807734,335.28,32768
11632178800,4001808801,335.28,32768
11632178167,4001809862,335.28,32768
11632177538,4001810915,335.28,32768
11632176914,4001811959,335.28,32768
11632176295,4001812995,335.28,32768
11632175682,4001814022,335.28,32768
11632175075,4001815038,335.28,32768
11632174475,4001816044,335.28,32768
11632173881,4001817038,335.28,32768
11632173294,4001818020,335.28,32768
11632172715,4001818990,335.28,32768
11632172144,4001819946,335.28,32768
11632171581,4001820889,335.28,32768
11632171027,4001821817,335.28,32768
11632170482,4001822730,335.28,32768
11632169946,4001823628,335.28,32768
11632169420,4001824509,335.28,32768
11632168904,4001825373,335.28,32768
11632168399,4001826219,335.28,32768
11632167905,4001827047,335.29,32768
11632167421,4001827856,335.29,32768
11632166950,4001828646,335.29,32768
11632166490,4001829416,335.29,32768
11632166043,4001830165,335.29,32768
11632165609,4001830892,335.29,32768
11632165188,4001831598,335.29,32768
11632164780,4001832281,335.29,32768
11632164386,4001832940,335.29,32768
11632164006,4001833576,335.29,32768
11632163642,4001834187,335.29,32768
11632163292,4001834774,335.29,32768
11632162957,4001835334,335.29,32768
11632162638,4001835868,335.29,32768
11632162336,4001836375,335.29,32768
11632162049,4001836854,335.29,32768
11632161780,4001837305,335.29,32768
11632161528,4001837728,335.29,32768
11632161294,4001838120,335.29,32768
11632161077,4001838483,335.29,32768
11632160879,4001838815,335.29,32768
11632160700,4001839115,335.29,32768
11632160540,4001839383,335.29,32768
11632160399,4001839619,335.29,32768
11632160278,4001839821,335.29,32768
11632160178,4001839990,335.29,32768
11632160098,4001840124,335.29,32768
11632160039,4001840223,335.29,32768
11632160001,4001840286,335.29,32768
11632159985,4001840312,335.29,32768
11632159985,4001840313,335.28,32768
