11713238718,3183971343,270.60,117440512
11713238639,3183971344,270.58,117440512
11713238557,3183971344,270.58,117440512
11713238476,3183971345,270.58,117440512
11713238396,3183971345,270.58,117440512
11713238314,3183971346,270.58,117440512
11713238233,3183971347,270.57,117440512
11713238151,3183971347,270.57,117440512
11713238070,3183971347,270.57,117440512
11713237988,3183971348,270.58,117440512
11713237906,3183971348,270.58,117440512
11713237824,3183971349,270.58,117440512
11713237742,3183971349,270.58,117440512
11713237660,3183971350,270.58,117440512
11713237578,3183971350,270.58,117440512
11713237495,3183971351,270.58,117440512
11713237413,3183971351,270.58,117440512
11713237331,3183971352,270.57,117440512
11713237249,3183971353,270.57,117440512
11713237166,3183971353,270.58,117440512
11713237084,3183971354,270.58,117440512
11713237002,3183971354,270.57,117440512
11713236919,3183971355,270.57,117440512
11713236836,3183971355,270.57,117440512
11713236754,3183971355,270.57,117440512
11713236671,3183971356,270.57,117440512
11713236587,3183971356,270.56,117440512
11713236504,3183971357,270.56,117440512
11713236420,3183971357,270.56,117440512
11713236337,3183971358,270.56,117440512
11713236253,3183971358,270.56,117440512
11713236169,3183971359,270.55,117440512
11713236084,3183971359,270.55,117440512
11713236000,3183971359,270.55,117440512
11713235915,3183971360,270.55,117440512
11713235830,3183971360,270.55,117440512
11713235746,3183971361,270.54,117440512
11713235660,3183971361,270.54,117440512
11713235575,3183971362,270.54,117440512
11713235490,3183971362,270.54,117440512
11713235405,3183971363,270.54,117440512
11713235319,3183971363,270.52,117440512
11713235234,3183971364,270.52,117440512
11713235148,3183971365,270.52,117440512
11713235062,3183971365,270.52,117440512
11713234976,3183971366,270.52,117440512
11713234890,3183971367,270.52,117440512
11713234804,3183971367,270.52,117440512
11713234718,3183971368,270.51,117440512
11713234632,3183971368,270.51,117440512
11713234546,3183971369,270.51,117440512
11713234459,3183971369,270.51,117440512
11713234373,3183971370,270.51,117440512
11713234287,3183971370,270.51,117440512
11713234200,3183971371,270.51,117440512
11713234113,3183971371,270.51,117440512
11713234027,3183971372,270.51,117440512
11713233940,3183971372,270.51,117440512
11713233853,3183971372,270.51,117440512
11713233766,3183971373,270.51,117440512
11713233678,3183971373,270.51,117440512
11713233591,3183971374,270.50,117440512
11713233504,3183971374,270.50,117440512
11713233417,3183971375,270.50,117440512
11713233329,3183971375,270.50,117440512
11713233242,3183971376,270.49,117440512
11713233154,3183971376,270.49,117440512
11713233067,3183971377,270.49,117440512
11713232979,3183971377,270.48,117440512
11713232892,3183971378,270.48,117440512
11713232804,3183971378,270.48,117440512
11713232717,3183971379,270.48,117440512
11713232629,3183971379,270.47,117440512
11713232541,3183971380,270.47,117440512
11713232454,3183971380,270.47,117440512
11713232366,3183971381,270.47,117440512
11713232279,3183971381,270.47,117440512
11713232191,3183971382,270.47,117440512
11713232104,3183971382,270.47,117440512
11713232016,3183971383,270.45,117440512
11713231929,3183971383,270.45,117440512
11713231841,3183971384,270.45,117440512
11713231754,3183971384,270.45,117440512
11713231667,3183971385,270.45,117440512
11713231579,3183971385,270.45,117440512
11713231492,3183971386,270.44,117440512
11713231405,3183971387,270.44,117440512
11713231318,3183971387,270.44,117440512
11713231231,3183971388,270.43,117440512
11713231143,3183971388,270.43,117440512
11713231056,3183971389,270.43,117440512
11713230969,3183971389,270.43,117440512
11713230882,3183971390,270.42,117440512
11713230796,3183971390,270.42,117440512
11713230709,3183971391,270.42,117440512
11713230622,3183971391,270.42,117440512
11713230535,3183971392,270.42,117440512
11713230448,3183971392,270.42,117440512
11713230362,3183971392,270.41,117440512
11713230275,3183971392,270.41,117440512
11713230188,3183971392,270.41,117440512
11713230102,3183971392,270.41,117440512
11713230015,3183971392,270.41,117440512
11713229928,3183971392,270.41,117440512
11713229841,3183971392,270.41,117440512
11713229754,3183971393,270.39,117440512
11713229667,3183971393,270.39,117440512
11713229581,3183971393,270.39,117440512
11713229494,3183971393,270.39,117440512
11713229407,3183971393,270.39,117440512
11713229319,3183971394,270.39,117440512
11713229232,3183971394,270.39,117440512
11713229145,3183971394,270.39,117440512
11713229058,3183971394,270.39,117440512
11713228970,3183971394,270.39,117440512
11713228882,3183971394,270.38,117440512
11713228795,3183971395,270.38,117440512
11713228707,3183971395,270.38,117440512
11713228619,3183971395,270.38,117440512
11713228531,3183971395,270.38,117440512
11713228442,3183971395,270.37,117440512
11713228354,3183971396,270.37,117440512
11713228265,3183971396,270.37,117440512
11713228177,3183971396,270.37,117440512
11713228088,3183971396,270.36,117440512
11713227999,3183971396,270.36,117440512
11713227909,3183971396,270.36,117440512
11713227820,3183971397,270.36,117440512
11713227731,3183971397,270.36,117440512
11713227641,3183971397,270.36,117440512
11713227551,3183971397,270.36,117440512
11713227461,3183971397,270.36,117440512
11713227371,3183971397,270.36,117440512
11713227281,3183971397,270.35,117440512
11713227191,3183971397,270.35,117440512
11713227100,3183971397,270.35,117440512
11713227010,3183971398,270.33,117440512
11713226919,3183971398,270.33,117440512
11713226829,3183971398,270.33,117440512
11713226738,3183971398,270.32,117440512
11713226647,3183971398,270.32,117440512
11713226556,3183971398,270.32,117440512
11713226465,3183971398,270.31,117440512
11713226374,3183971399,270.30,117440512
11713226282,3183971399,270.30,117440512
11713226191,3183971399,270.30,117440512
11713226099,3183971399,270.30,117440512
11713226008,3183971399,270.29,117440512
11713225916,3183971400,270.29,117440512
11713225824,3183971400,270.29,117440512
11713225732,3183971400,270.29,117440512
11713225640,3183971400,270.27,117440512
11713225548,3183971400,270.27,117440512
11713225455,3183971400,270.27,117440512
11713225363,3183971400,270.27,117440512
11713225271,3183971400,270.27,117440512
11713225178,3183971400,270.27,117440512
11713225086,3183971400,270.27,117440512
11713224993,3183971401,270.27,117440512
11713224901,3183971401,270.27,117440512
11713224808,3183971401,270.27,117440512
11713224716,3183971401,270.27,117440512
11713224624,3183971402,270.26,117440512
11713224531,3183971402,270.26,117440512
11713224439,3183971402,270.26,117440512
11713224346,3183971402,270.26,117440512
11713224253,3183971402,270.26,117440512
11713224161,3183971402,270.26,117440512
11713224068,3183971402,270.26,117440512
11713223976,3183971402,270.26,117440512
11713223883,3183971402,270.26,117440512
11713223790,3183971402,270.25,117440512
11713223697,3183971402,270.25,117440512
11713223605,3183971402,270.25,117440512
11713223512,3183971402,270.25,117440512
11713223419,3183971402,270.25,117440512
11713223327,3183971402,270.25,117440512
11713223234,3183971402,270.25,117440512
11713223142,3183971402,270.25,117440512
11713223049,3183971402,270.25,117440512
11713222957,3183971402,270.25,117440512
11713222864,3183971402,270.26,117440512
11713222772,3183971402,270.26,117440512
11713222680,3183971402,270.26,117440512
11713222587,3183971402,270.26,117440512
11713222495,3183971402,270.26,117440512
11713222403,3183971403,270.26,117440512
11713222311,3183971403,270.25,117440512
11713222218,3183971403,270.25,117440512
11713222126,3183971403,270.25,117440512
11713222034,3183971404,270.25,117440512
11713221942,3183971404,270.25,117440512
11713221850,3183971404,270.25,117440512
11713221758,3183971404,270.25,117440512
11713221666,3183971404,270.26,117440512
11713221574,3183971404,270.26,117440512
11713221483,3183971404,270.26,117440512
11713221391,3183971404,270.26,117440512
11713221299,3183971404,270.27,117440512
11713221207,3183971404,270.27,117440512
11713221116,3183971404,270.27,117440512
11713221024,3183971404,270.27,117440512
11713220933,3183971404,270.27,117440512
11713220841,3183971404,270.27,117440512
11713220750,3183971404,270.27,117440512
11713220659,3183971404,270.27,117440512
11713220568,3183971404,270.26,117440512
11713220476,3183971404,270.26,117440512
11713220385,3183971404,270.26,117440512
11713220294,3183971404,270.26,117440512
11713220203,3183971404,270.27,117440512
11713220112,3183971404,270.26,117440512
11713220021,3183971404,270.26,117440512
11713219930,3183971404,270.27,117440512
11713219839,3183971404,270.27,117440512
11713219749,3183971404,270.27,117440512
11713219658,3183971404,270.26,117440512
11713219567,3183971404,270.26,117440512
11713219476,3183971404,270.27,117440512
11713219385,3183971404,270.27,117440512
11713219294,3183971404,270.27,117440512
11713219203,3183971404,270.27,117440512
11713219112,3183971404,270.27,117440512
11713219020,3183971404,270.27,117440512
11713218929,3183971404,270.27,117440512
11713218838,3183971405,270.27,117440512
11713218747,3183971405,270.29,117440512
11713218655,3183971405,270.29,117440512
11713218564,3183971405,270.30,117440512
11713218473,3183971405,270.30,117440512
11713218381,3183971405,270.31,117440512
11713218290,3183971405,270.31,117440512
11713218198,3183971405,270.31,117440512
11713218107,3183971405,270.32,117440512
11713218015,3183971405,270.32,117440512
11713217924,3183971405,270.32,117440512
11713217832,3183971405,270.33,117440512
11713217741,3183971406,270.33,117440512
11713217649,3183971406,270.33,117440512
11713217557,3183971406,270.33,117440512
11713217466,3183971406,270.33,117440512
11713217374,3183971406,270.33,117440512
11713217282,3183971407,270.33,117440512
11713217190,3183971407,270.33,117440512
11713217098,3183971407,270.33,117440512
11713217006,3183971407,270.33,117440512
11713216914,3183971407,270.35,117440512
11713216822,3183971407,270.35,117440512
11713216730,3183971407,270.36,117440512
11713216637,3183971408,270.36,117440512
11713216545,3183971408,270.36,117440512
11713216453,3183971408,270.37,117440512
11713216360,3183971408,270.37,117440512
11713216268,3183971408,270.38,117440512
11713216175,3183971408,270.38,117440512
11713216083,3183971408,270.38,117440512
11713215990,3183971408,270.38,117440512
11713215898,3183971408,270.38,117440512
11713215805,3183971409,270.39,117440512
11713215712,3183971409,270.39,117440512
11713215620,3183971409,270.39,117440512
11713215527,3183971409,270.39,117440512
11713215434,3183971409,270.39,117440512
11713215341,3183971410,270.41,117440512
11713215248,3183971410,270.41,117440512
11713215156,3183971410,270.41,117440512
11713215063,3183971410,270.41,117440512
11713214970,3183971411,270.42,117440512
11713214877,3183971411,270.42,117440512
11713214784,3183971411,270.43,117440512
11713214691,3183971411,270.43,117440512
11713214597,3183971411,270.43,117440512
11713214504,3183971412,270.44,117440512
11713214411,3183971412,270.44,117440512
11713214318,3183971412,270.44,117440512
11713214224,3183971412,270.44,117440512
11713214131,3183971413,270.45,117440512
11713214037,3183971413,270.45,117440512
11713213944,3183971413,270.45,117440512
11713213850,3183971413,270.45,117440512
11713213757,3183971414,270.45,117440512
11713213664,3183971414,270.45,117440512
11713213570,3183971414,270.47,117440512
11713213477,3183971414,270.47,117440512
11713213384,3183971415,270.47,117440512
11713213290,3183971415,270.47,117440512
11713213197,3183971415,270.48,117440512
11713213104,3183971416,270.47,117440512
11713213010,3183971416,270.47,117440512
11713212917,3183971416,270.47,117440512
11713212824,3183971417,270.47,117440512
11713212730,3183971417,270.45,117440512
11713212637,3183971418,270.45,117440512
11713212544,3183971418,270.45,117440512
11713212451,3183971418,270.44,117440512
11713212357,3183971419,270.43,117440512
11713212264,3183971419,270.42,117440512
11713212171,3183971420,270.41,117440512
11713212078,3183971420,270.39,117440512
11713211985,3183971420,270.39,117440512
11713211892,3183971420,270.39,117440512
11713211799,3183971420,270.39,117440512
11713211706,3183971420,270.38,117440512
11713211613,3183971421,270.38,117440512
11713211520,3183971421,270.37,117440512
11713211428,3183971421,270.37,117440512
11713211335,3183971421,270.37,117440512
11713211243,3183971421,270.37,117440512
11713211150,3183971421,270.36,117440512
11713211057,3183971421,270.36,117440512
11713210965,3183971421,270.35,117440512
11713210872,3183971421,270.35,117440512
11713210780,3183971422,270.33,117440512
11713210687,3183971422,270.33,117440512
11713210595,3183971422,270.33,117440512
11713210503,3183971422,270.32,117440512
11713210410,3183971422,270.32,117440512
11713210318,3183971422,270.32,117440512
11713210226,3183971423,270.31,117440512
11713210133,3183971423,270.30,117440512
11713210041,3183971423,270.30,117440512
11713209949,3183971423,270.30,117440512
11713209857,3183971423,270.30,117440512
11713209765,3183971423,270.29,117440512
11713209673,3183971423,270.29,117440512
11713209581,3183971423,270.27,117440512
11713209489,3183971423,270.27,117440512
11713209397,3183971423,270.27,117440512
11713209305,3183971423,270.27,117440512
11713209213,3183971423,270.26,117440512
11713209121,3183971423,270.26,117440512
11713209029,3183971423,270.26,117440512
11713208937,3183971423,270.25,117440512
11713208844,3183971423,270.24,117440512
11713208752,3183971423,270.24,117440512
11713208660,3183971423,270.23,117440512
11713208567,3183971423,270.23,117440512
11713208475,3183971423,270.22,117440512
11713208382,3183971423,270.22,117440512
11713208289,3183971423,270.20,117440512
11713208196,3183971423,270.20,117440512
11713208103,3183971423,270.20,117440512
11713208009,3183971423,270.20,117440512
11713207916,3183971423,270.20,117440512
11713207822,3183971423,270.19,117440512
11713207728,3183971423,270.19,117440512
11713207634,3183971423,270.19,117440512
11713207540,3183971423,270.18,117440512
11713207445,3183971423,270.18,117440512
11713207350,3183971423,270.17,117440512
11713207256,3183971422,270.17,117440512
11713207161,3183971422,270.17,117440512
11713207065,3183971422,270.16,117440512
11713206970,3183971422,270.16,117440512
11713206875,3183971422,270.16,117440512
11713206779,3183971422,270.16,117440512
11713206684,3183971421,270.16,117440512
11713206588,3183971421,270.16,117440512
11713206492,3183971421,270.14,117440512
11713206396,3183971421,270.14,117440512
11713206300,3183971421,270.14,117440512
11713206204,3183971420,270.14,117440512
11713206107,3183971420,270.14,117440512
11713206011,3183971420,270.14,117440512
11713205914,3183971420,270.14,117440512
11713205817,3183971420,270.14,117440512
11713205720,3183971420,270.14,117440512
11713205623,3183971419,270.14,117440512
11713205526,3183971419,270.14,117440512
11713205429,3183971419,270.14,117440512
11713205331,3183971419,270.14,117440512
11713205234,3183971419,270.14,117440512
11713205136,3183971419,270.14,117440512
11713205038,3183971418,270.14,117440512
11713204940,3183971418,270.14,117440512
11713204842,3183971418,270.14,117440512
11713204744,3183971418,270.14,117440512
11713204646,3183971418,270.14,117440512
11713204548,3183971418,270.14,117440512
11713204450,3183971417,270.14,117440512
11713204352,3183971417,270.14,117440512
11713204254,3183971417,270.14,117440512
11713204155,3183971416,270.14,117440512
11713204057,3183971416,270.14,117440512
11713203959,3183971416,270.14,117440512
11713203860,3183971416,270.14,117440512
11713203762,3183971416,270.14,117440512
11713203663,3183971416,270.14,117440512
11713203564,3183971416,270.14,117440512
11713203466,3183971415,270.14,117440512
11713203367,3183971415,270.14,117440512
11713203268,3183971415,270.14,117440512
11713203170,3183971415,270.14,117440512
11713203071,3183971415,270.14,117440512
11713202972,3183971414,270.14,117440512
11713202874,3183971414,270.14,117440512
11713202775,3183971414,270.14,117440512
11713202676,3183971414,270.14,117440512
11713202578,3183971414,270.14,117440512
11713202479,3183971413,270.14,117440512
11713202381,3183971413,270.14,117440512
11713202282,3183971413,270.14,117440512
11713202184,3183971412,270.14,117440512
11713202085,3183971412,270.14,117440512
11713201987,3183971412,270.14,117440512
11713201889,3183971412,270.14,117440512
11713201790,3183971411,270.14,117440512
11713201692,3183971411,270.14,117440512
11713201593,3183971410,270.14,117440512
11713201495,3183971410,270.14,117440512
11713201397,3183971410,270.16,117440512
11713201299,3183971409,270.16,117440512
11713201200,3183971409,270.16,117440512
11713201102,3183971409,270.16,117440512
11713201004,3183971408,270.16,117440512
11713200906,3183971408,270.16,117440512
11713200809,3183971408,270.16,117440512
11713200711,3183971408,270.14,117440512
11713200613,3183971407,270.14,117440512
11713200515,3183971407,270.16,117440512
11713200418,3183971407,270.14,117440512
11713200320,3183971407,270.14,117440512
11713200223,3183971406,270.14,117440512
11713200125,3183971406,270.14,117440512
11713200028,3183971406,270.14,117440512
11713199931,3183971405,270.16,117440512
11713199833,3183971405,270.16,117440512
11713199736,3183971405,270.16,117440512
11713199639,3183971404,270.16,117440512
11713199542,3183971404,270.16,117440512
11713199445,3183971403,270.16,117440512
11713199348,3183971403,270.16,117440512
11713199251,3183971403,270.16,117440512
11713199154,3183971402,270.17,117440512
11713199058,3183971402,270.16,117440512
11713198961,3183971402,270.16,117440512
11713198864,3183971402,270.16,117440512
11713198768,3183971401,270.16,117440512
11713198671,3183971401,270.17,117440512
11713198574,3183971401,270.17,117440512
11713198478,3183971400,270.17,117440512
11713198382,3183971400,270.17,117440512
11713198285,3183971400,270.17,117440512
11713198189,3183971399,270.17,117440512
11713198093,3183971399,270.17,117440512
11713197996,3183971399,270.17,117440512
11713197900,3183971398,270.17,117440512
11713197804,3183971398,270.17,117440512
11713197708,3183971398,270.17,117440512
11713197612,3183971398,270.17,117440512
11713197516,3183971398,270.17,117440512
11713197420,3183971398,270.17,117440512
11713197325,3183971398,270.17,117440512
11713197229,3183971398,270.17,117440512
11713197133,3183971398,270.18,117440512
11713197038,3183971397,270.18,117440512
11713196942,3183971397,270.18,117440512
11713196847,3183971397,270.18,117440512
11713196751,3183971397,270.18,117440512
11713196656,3183971397,270.18,117440512
11713196560,3183971396,270.18,117440512
11713196465,3183971396,270.18,117440512
11713196370,3183971396,270.18,117440512
11713196275,3183971396,270.18,117440512
11713196179,3183971396,270.18,117440512
11713196084,3183971396,270.18,117440512
11713195989,3183971396,270.18,117440512
11713195894,3183971396,270.18,117440512
11713195799,3183971395,270.18,117440512
11713195704,3183971395,270.18,117440512
11713195609,3183971395,270.18,117440512
11713195515,3183971395,270.18,117440512
11713195420,3183971395,270.18,117440512
11713195325,3183971395,270.18,117440512
11713195231,3183971395,270.18,117440512
11713195137,3183971395,270.18,117440512
11713195043,3183971395,270.18,117440512
11713194949,3183971394,270.19,117440512
11713194855,3183971394,270.18,117440512
11713194761,3183971394,270.18,117440512
11713194667,3183971394,270.18,117440512
11713194573,3183971394,270.18,117440512
11713194479,3183971394,270.18,117440512
11713194386,3183971394,270.18,117440512
11713194292,3183971394,270.18,117440512
11713194198,3183971394,270.18,117440512
11713194105,3183971394,270.18,117440512
11713194011,3183971393,270.18,117440512
11713193918,3183971393,270.18,117440512
11713193824,3183971393,270.18,117440512
11713193731,3183971393,270.19,117440512
11713193638,3183971393,270.19,117440512
11713193545,3183971393,270.19,117440512
11713193452,3183971392,270.19,117440512
11713193359,3183971392,270.19,117440512
11713193266,3183971392,270.19,117440512
11713193173,3183971392,270.19,117440512
11713193080,3183971392,270.19,117440512
11713192988,3183971392,270.19,117440512
11713192895,3183971391,270.19,117440512
11713192803,3183971391,270.19,117440512
11713192711,3183971391,270.19,117440512
11713192619,3183971390,270.19,117440512
11713192527,3183971390,270.19,117440512
11713192434,3183971390,270.18,117440512
11713192342,3183971390,270.18,117440512
11713192250,3183971390,270.18,117440512
11713192159,3183971389,270.19,117440512
11713192067,3183971389,270.19,117440512
11713191975,3183971389,270.19,117440512
11713191883,3183971388,270.19,117440512
11713191792,3183971388,270.19,117440512
11713191700,3183971388,270.19,117440512
11713191609,3183971388,270.19,117440512
11713191517,3183971388,270.19,117440512
11713191426,3183971387,270.19,117440512
11713191335,3183971387,270.19,117440512
11713191243,3183971387,270.19,117440512
11713191153,3183971387,270.19,117440512
11713191061,3183971386,270.19,117440512
11713190971,3183971386,270.19,117440512
11713190880,3183971386,270.19,117440512
11713190789,3183971386,270.19,117440512
11713190698,3183971385,270.19,117440512
11713190608,3183971385,270.19,117440512
11713190517,3183971385,270.19,117440512
11713190427,3183971385,270.19,117440512
11713190336,3183971384,270.19,117440512
11713190246,3183971384,270.19,117440512
11713190156,3183971384,270.19,117440512
11713190066,3183971383,270.19,117440512
11713189975,3183971383,270.19,117440512
11713189886,3183971383,270.19,117440512
11713189796,3183971383,270.19,117440512
11713189706,3183971382,270.19,117440512
11713189617,3183971382,270.20,117440512
11713189528,3183971382,270.20,117440512
11713189439,3183971381,270.20,117440512
11713189350,3183971381,270.20,117440512
11713189262,3183971381,270.20,117440512
11713189174,3183971380,270.20,117440512
11713189086,3183971380,270.22,117440512
11713188999,3183971380,270.22,117440512
11713188912,3183971380,270.22,117440512
11713188825,3183971380,270.23,117440512
11713188738,3183971379,270.23,117440512
11713188652,3183971379,270.24,117440512
11713188566,3183971379,270.24,117440512
11713188481,3183971378,270.24,117440512
11713188395,3183971378,270.25,117440512
11713188310,3183971378,270.25,117440512
11713188226,3183971378,270.26,117440512
11713188141,3183971378,270.26,117440512
11713188057,3183971377,270.27,117440512
11713187973,3183971377,270.27,117440512
11713187890,3183971377,270.27,117440512
11713187806,3183971377,270.27,117440512
11713187724,3183971376,270.27,117440512
11713187641,3183971376,270.29,117440512
11713187559,3183971376,270.29,117440512
11713187476,3183971376,270.29,117440512
11713187395,3183971376,270.30,117440512
11713187313,3183971376,270.30,117440512
11713187232,3183971376,270.30,117440512
11713187151,3183971376,270.30,117440512
11713187070,3183971375,270.31,117440512
11713186990,3183971375,270.31,117440512
11713186909,3183971375,270.31,117440512
11713186829,3183971375,270.32,117440512
11713186749,3183971375,270.32,117440512
11713186670,3183971375,270.33,117440512
11713186590,3183971374,270.33,117440512
11713186511,3183971374,270.33,117440512
11713186432,3183971374,270.33,117440512
11713186353,3183971374,270.33,117440512
11713186274,3183971374,270.33,117440512
11713186195,3183971374,270.35,117440512
11713186116,3183971374,270.35,117440512
11713186038,3183971373,270.35,117440512
11713185960,3183971373,270.35,117440512
11713185882,3183971373,270.35,117440512
11713185804,3183971373,270.36,117440512
11713185726,3183971373,270.36,117440512
11713185649,3183971373,270.36,117440512
11713185572,3183971373,270.36,117440512
11713185494,3183971373,270.37,117440512
11713185417,3183971372,270.37,117440512
11713185341,3183971372,270.37,117440512
11713185264,3183971372,270.37,117440512
11713185188,3183971372,270.38,117440512
11713185111,3183971372,270.38,117440512
11713185035,3183971372,270.38,117440512
11713184960,3183971371,270.38,117440512
11713184884,3183971371,270.38,117440512
11713184808,3183971371,270.38,117440512
11713184733,3183971371,270.38,117440512
11713184658,3183971371,270.38,117440512
11713184583,3183971371,270.38,117440512
11713184509,3183971371,270.39,117440512
11713184435,3183971371,270.39,117440512
11713184361,3183971371,270.39,117440512
11713184287,3183971371,270.39,117440512
11713184213,3183971371,270.39,117440512
11713184140,3183971371,270.39,117440512
11713184067,3183971371,270.39,117440512
11713183994,3183971371,270.39,117440512
11713183921,3183971371,270.39,117440512
11713183849,3183971371,270.39,117440512
11713183777,3183971371,270.39,117440512
11713183705,3183971371,270.39,117440512
11713183634,3183971371,270.39,117440512
11713183562,3183971371,270.39,117440512
11713183491,3183971371,270.39,117440512
11713183420,3183971371,270.41,117440512
11713183349,3183971371,270.41,117440512
11713183279,3183971371,270.41,117440512
11713183209,3183971371,270.41,117440512
11713183139,3183971371,270.41,117440512
11713183069,3183971371,270.41,117440512
11713182999,3183971371,270.41,117440512
11713182929,3183971371,270.41,117440512
11713182859,3183971371,270.41,117440512
11713182790,3183971371,270.41,117440512
11713182720,3183971371,270.41,117440512
11713182651,3183971371,270.42,117440512
11713182582,3183971371,270.41,117440512
11713182513,3183971371,270.41,117440512
11713182480,3183971533,269.85,1073741824
11713182419,3183971533,269.85,1073741824
11713182359,3183971533,269.85,1073741824
11713182299,3183971533,269.86,1073741824
11713182239,3183971533,269.86,1073741824
11713182179,3183971533,269.87,1073741824
11713182120,3183971532,269.89,1073741824
11713182061,3183971532,269.89,1073741824
11713182003,3183971532,269.89,1073741824
11713181943,3183971532,269.88,1073741824
11713181885,3183971532,269.88,1073741824
11713181825,3183971532,269.88,1073741824
11713181766,3183971531,269.89,1073741824
11713181706,3183971531,269.89,1073741824
11713181647,3183971531,269.89,1073741824
11713181588,3183971531,269.91,1073741824
11713181529,3183971531,269.89,1073741824
11713181471,3183971532,269.89,1073741824
11713181413,3183971532,269.89,1073741824
11713181355,3183971532,269.89,1073741824
11713181297,3183971532,269.89,1073741824
11713181240,3183971532,269.89,1073741824
11713181182,3183971532,269.89,1073741824
11713181125,3183971532,269.89,1073741824
11713181067,3183971531,269.89,1073741824
11713181010,3183971531,269.89,1073741824
11713180952,3183971531,269.88,1073741824
11713180895,3183971531,269.87,1073741824
11713180838,3183971531,269.87,1073741824
11713180780,3183971531,269.87,1073741824
11713180723,3183971531,269.86,1073741824
11713180665,3183971531,269.86,1073741824
11713180607,3183971530,269.86,1073741824
11713180550,3183971530,269.86,1073741824
11713180492,3183971530,269.87,1073741824
11713180434,3183971529,269.87,1073741824
11713180376,3183971529,269.87,1073741824
11713180319,3183971529,269.87,1073741824
11713180261,3183971529,269.87,1073741824
11713180203,3183971529,269.87,1073741824
11713180146,3183971529,269.87,1073741824
11713180089,3183971529,269.87,1073741824
11713180031,3183971529,269.86,1073741824
11713179974,3183971529,269.86,1073741824
11713179917,3183971529,269.85,1073741824
11713179860,3183971529,269.85,1073741824
11713179803,3183971530,269.85,1073741824
11713179746,3183971530,269.85,1073741824
11713179690,3183971529,269.85,1073741824
11713179633,3183971529,269.85,1073741824
11713179576,3183971529,269.85,1073741824
11713179520,3183971529,269.86,1073741824
11713179464,3183971529,269.86,1073741824
11713179407,3183971529,269.86,1073741824
11713179352,3183971529,269.86,1073741824
11713179296,3183971529,269.87,1073741824
11713179241,3183971529,269.87,1073741824
11713179188,3183971528,269.87,1073741824
11713179134,3183971528,269.87,1073741824
11713179081,3183971528,269.86,1073741824
11713179027,3183971528,269.86,1073741824
11713178974,3183971528,269.85,1073741824
11713178920,3183971528,269.83,1073741824
11713178865,3183971528,269.81,1073741824
11713178809,3183971529,269.80,1073741824
11713178754,3183971529,269.79,1073741824
11713178698,3183971529,269.79,1073741824
11713178642,3183971529,269.79,1073741824
11713178586,3183971529,269.79,1073741824
11713178529,3183971528,269.80,1073741824
11713178473,3183971528,269.81,1073741824
11713178418,3183971527,269.82,1073741824
11713178361,3183971527,269.83,1073741824
11713178305,3183971526,269.83,1073741824
11713178249,3183971526,269.83,1073741824
11713178194,3183971526,269.83,1073741824
11713178138,3183971526,269.83,1073741824
11713178083,3183971526,269.82,1073741824
11713178027,3183971526,269.81,1073741824
11713177972,3183971527,269.80,1073741824
11713177917,3183971526,269.80,1073741824
11713177862,3183971526,269.79,1073741824
11713177806,3183971526,269.79,1073741824
11713177751,3183971526,269.79,1073741824
11713177696,3183971526,269.77,1073741824
11713177641,3183971526,269.77,1073741824
11713177585,3183971526,269.77,1073741824
11713177530,3183971525,269.77,1073741824
11713177474,3183971525,269.77,1073741824
11713177418,3183971525,269.77,1073741824
11713177362,3183971525,269.77,1073741824
11713177306,3183971525,269.77,1073741824
11713177249,3183971525,269.77,1073741824
11713177193,3183971525,269.77,1073741824
11713177136,3183971525,269.76,1073741824
11713177080,3183971525,269.76,1073741824
11713177023,3183971525,269.75,1073741824
11713176966,3183971525,269.75,1073741824
11713176910,3183971525,269.74,1073741824
11713176853,3183971525,269.74,1073741824
11713176796,3183971525,269.74,1073741824
11713176740,3183971525,269.73,1073741824
11713176683,3183971524,269.73,1073741824
11713176627,3183971524,269.73,1073741824
11713176570,3183971524,269.73,1073741824
11713176514,3183971524,269.72,1073741824
11713176457,3183971524,269.72,1073741824
11713176400,3183971524,269.70,1073741824
11713176344,3183971523,269.70,1073741824
11713176287,3183971523,269.70,1073741824
11713176231,3183971523,269.70,1073741824
11713176174,3183971523,269.70,1073741824
11713176117,3183971522,269.70,1073741824
11713176061,3183971522,269.69,1073741824
11713176004,3183971522,269.69,1073741824
11713175947,3183971522,269.69,1073741824
11713175890,3183971522,269.68,1073741824
11713175833,3183971521,269.68,1073741824
11713175776,3183971521,269.68,1073741824
11713175719,3183971521,269.68,1073741824
11713175663,3183971521,269.67,1073741824
11713175606,3183971521,269.67,1073741824
11713175549,3183971521,269.67,1073741824
11713175492,3183971521,269.67,1073741824
11713175436,3183971520,269.66,1073741824
11713175379,3183971520,269.66,1073741824
11713175323,3183971520,269.66,1073741824
11713175266,3183971520,269.66,1073741824
11713175210,3183971520,269.64,1073741824
11713175153,3183971520,269.64,1073741824
11713175097,3183971520,269.64,1073741824
11713175041,3183971520,269.64,1073741824
11713174985,3183971520,269.64,1073741824
11713174929,3183971520,269.64,1073741824
11713174873,3183971520,269.63,1073741824
11713174817,3183971520,269.63,1073741824
11713174761,3183971519,269.63,1073741824
11713174705,3183971519,269.62,1073741824
11713174649,3183971519,269.61,1073741824
11713174594,3183971519,269.61,1073741824
11713174538,3183971519,269.61,1073741824
11713174482,3183971519,269.60,1073741824
11713174426,3183971519,269.58,1073741824
11713174370,3183971519,269.58,1073741824
11713174314,3183971519,269.58,1073741824
11713174259,3183971519,269.58,1073741824
11713174203,3183971518,269.58,1073741824
11713174147,3183971518,269.57,1073741824
11713174092,3183971518,269.57,1073741824
11713174036,3183971518,269.57,1073741824
11713173980,3183971518,269.57,1073741824
11713173925,3183971517,269.56,1073741824
11713173870,3183971517,269.56,1073741824
11713173814,3183971517,269.56,1073741824
11713173759,3183971517,269.55,1073741824
11713173704,3183971516,269.55,1073741824
11713173649,3183971516,269.55,1073741824
11713173594,3183971516,269.55,1073741824
11713173539,3183971516,269.54,1073741824
11713173484,3183971515,269.54,1073741824
11713173429,3183971515,269.52,1073741824
11713173374,3183971515,269.52,1073741824
11713173320,3183971515,269.52,1073741824
11713173265,3183971514,269.52,1073741824
11713173210,3183971514,269.51,1073741824
11713173156,3183971514,269.50,1073741824
11713173102,3183971514,269.50,1073741824
11713173047,3183971514,269.49,1073741824
11713172993,3183971514,269.49,1073741824
11713172939,3183971514,269.49,1073741824
11713172885,3183971514,269.48,1073741824
11713172831,3183971513,269.48,1073741824
11713172777,3183971513,269.48,1073741824
11713172723,3183971513,269.48,1073741824
11713172670,3183971513,269.48,1073741824
11713172616,3183971513,269.47,1073741824
11713172563,3183971513,269.47,1073741824
11713172509,3183971512,269.45,1073741824
11713172456,3183971512,269.45,1073741824
11713172403,3183971512,269.45,1073741824
11713172349,3183971512,269.44,1073741824
11713172296,3183971512,269.43,1073741824
11713172243,3183971512,269.43,1073741824
11713172190,3183971512,269.42,1073741824
11713172136,3183971512,269.41,1073741824
11713172083,3183971512,269.41,1073741824
11713172030,3183971512,269.39,1073741824
11713171977,3183971512,269.39,1073741824
11713171924,3183971512,269.39,1073741824
11713171871,3183971511,269.39,1073741824
11713171818,3183971511,269.39,1073741824
11713171765,3183971511,269.38,1073741824
11713171712,3183971511,269.38,1073741824
11713171659,3183971511,269.37,1073741824
11713171606,3183971511,269.37,1073741824
11713171527,3183971511,269.36,1073741824
11713171448,3183971510,269.36,1073741824
11713171370,3183971510,269.35,1073741824
11713171317,3183971510,269.35,1073741824
11713171239,3183971509,269.33,1073741824
11713171160,3183971509,269.33,1073741824
11713171082,3183971509,269.32,1073741824
11713171004,3183971508,269.32,1073741824
11713170926,3183971508,269.31,1073741824
11713170873,3183971508,269.30,1073741824
11713170795,3183971507,269.29,1073741824
11713170717,3183971507,269.29,1073741824
11713170639,3183971507,269.27,1073741824
11713170561,3183971506,269.27,1073741824
11713170484,3183971505,269.26,1073741824
11713170406,3183971505,269.25,1073741824
11713170328,3183971505,269.23,1073741824
11713170251,3183971504,269.20,1073741824
11713170173,3183971504,269.17,1073741824
11713170096,3183971503,269.14,1073741824
11713170019,3183971503,269.11,1073741824
11713169941,3183971502,269.07,1073741824
11713169864,3183971502,269.02,1073741824
11713169787,3183971501,268.99,1073741824
11713169711,3183971500,268.94,1073741824
11713169634,3183971499,268.89,1073741824
11713169557,3183971499,268.83,1073741824
11713169480,3183971498,268.77,1073741824
11713169404,3183971497,268.72,1073741824
11713169327,3183971496,268.66,1073741824
11713169251,3183971495,268.58,1073741824
11713169175,3183971494,268.51,1073741824
11713169099,3183971493,268.43,1073741824
11713169023,3183971491,268.33,1073741824
11713168947,3183971490,268.25,1073741824
11713168871,3183971489,268.16,1073741824
11713168795,3183971487,268.06,1073741824
11713168720,3183971485,267.95,1073741824
11713168644,3183971484,267.86,1073741824
11713168569,3183971482,267.76,1073741824
11713168494,3183971480,267.64,1073741824
11713168418,3183971478,267.55,1073741824
11713168343,3183971475,267.44,1073741824
11713168268,3183971473,267.33,1073741824
11713168193,3183971471,267.20,1073741824
11713168119,3183971468,267.10,1073741824
11713168044,3183971466,266.98,1073741824
11713167970,3183971462,266.87,1073741824
11713167896,3183971459,266.75,1073741824
11713167821,3183971456,266.62,1073741824
11713167747,3183971452,266.50,1073741824
11713167674,3183971449,266.38,1073741824
11713167600,3183971445,266.25,1073741824
11713167526,3183971441,266.11,1073741824
11713167453,3183971437,265.98,1073741824
11713167380,3183971433,265.83,1073741824
11713167306,3183971429,265.69,1073741824
11713167233,3183971424,265.55,1073741824
11713167160,3183971420,265.39,1073741824
11713167088,3183971415,265.24,1073741824
11713167015,3183971410,265.08,1073741824
11713166942,3183971405,264.92,1073741824
11713166870,3183971399,264.75,1073741824
11713166797,3183971394,264.58,1073741824
11713166725,3183971388,264.39,1073741824
11713166653,3183971383,264.22,1073741824
11713166581,3183971377,264.02,1073741824
11713166509,3183971371,263.83,1073741824
11713166438,3183971364,263.64,1073741824
11713166366,3183971358,263.45,1073741824
11713166295,3183971351,263.27,1073741824
11713166223,3183971344,263.07,1073741824
11713166152,3183971337,262.88,1073741824
11713166081,3183971330,262.68,1073741824
11713166010,3183971322,262.48,1073741824
11713165939,3183971315,262.27,1073741824
11713165868,3183971307,262.08,1073741824
11713165797,3183971299,261.87,1073741824
11713165727,3183971290,261.66,1073741824
11713165656,3183971282,261.45,1073741824
11713165586,3183971273,261.24,1073741824
11713165516,3183971264,261.02,1073741824
11713165445,3183971255,260.82,1073741824
11713165375,3183971246,260.60,1073741824
11713165305,3183971237,260.38,1073741824
11713165236,3183971227,260.16,1073741824
11713165166,3183971217,259.93,1073741824
11713165096,3183971207,259.69,1073741824
11713165027,3183971197,259.45,1073741824
11713164957,3183971186,259.22,1073741824
11713164888,3183971175,258.99,1073741824
11713164819,3183971164,258.75,1073741824
11713164750,3183971153,258.52,1073741824
11713164681,3183971141,258.27,1073741824
11713164613,3183971130,258.04,1073741824
11713164544,3183971117,257.80,1073741824
11713164475,3183971105,257.56,1073741824
11713164407,3183971092,257.31,1073741824
11713164338,3183971079,257.07,1073741824
11713164270,3183971066,256.82,1073741824
11713164202,3183971053,256.56,1073741824
11713164133,3183971039,256.31,1073741824
11713164065,3183971026,256.04,1073741824
11713163997,3183971012,255.78,1073741824
11713163929,3183970997,255.51,1073741824
11713163861,3183970983,255.24,1073741824
11713163793,3183970968,254.97,1073741824
11713163725,3183970953,254.69,1073741824
11713163657,3183970938,254.41,1073741824
11713163589,3183970922,254.13,1073741824
11713163521,3183970906,253.85,1073741824
11713163453,3183970890,253.56,1073741824
11713163386,3183970874,253.26,1073741824
11713163318,3183970857,252.95,1073741824
11713163251,3183970840,252.64,1073741824
11713163183,3183970822,252.32,1073741824
11713163116,3183970804,252.00,1073741824
11713163048,3183970786,251.66,1073741824
11713162981,3183970768,251.32,1073741824
11713162913,3183970749,250.97,1073741824
11713162846,3183970730,250.62,1073741824
11713162779,3183970710,250.26,1073741824
11713162712,3183970690,249.90,1073741824
11713162645,3183970670,249.53,1073741824
11713162578,3183970649,249.15,1073741824
11713162511,3183970628,248.77,1073741824
11713162445,3183970607,248.37,1073741824
11713162378,3183970585,247.98,1073741824
11713162311,3183970563,247.58,1073741824
11713162245,3183970540,247.17,1073741824
11713162179,3183970517,246.75,1073741824
11713162113,3183970494,246.34,1073741824
11713162047,3183970470,245.91,1073741824
11713161981,3183970446,245.48,1073741824
11713161916,3183970421,245.05,1073741824
11713161851,3183970396,244.61,1073741824
11713161787,3183970371,244.17,1073741824
11713161722,3183970345,243.72,1073741824
11713161658,3183970318,243.27,1073741824
11713161594,3183970291,242.81,1073741824
11713161530,3183970264,242.34,1073741824
11713161466,3183970237,241.88,1073741824
11713161403,3183970209,241.41,1073741824
11713161340,3183970180,240.93,1073741824
11713161277,3183970151,240.46,1073741824
11713161215,3183970122,239.97,1073741824
11713161152,3183970092,239.48,1073741824
11713161090,3183970062,238.98,1073741824
11713161029,3183970032,238.48,1073741824
11713160968,3183970001,237.97,1073741824
11713160907,3183969969,237.46,1073741824
11713160846,3183969938,236.95,1073741824
11713160786,3183969905,236.43,1073741824
11713160727,3183969872,235.90,1073741824
11713160667,3183969839,235.37,1073741824
11713160608,3183969805,234.84,1073741824
11713160550,3183969771,234.30,1073741824
11713160492,3183969736,233.76,1073741824
11713160434,3183969701,233.22,1073741824
11713160376,3183969665,232.67,1073741824
11713160319,3183969629,232.11,1073741824
11713160262,3183969593,231.55,1073741824
11713160206,3183969556,230.99,1073741824
11713160150,3183969518,230.42,1073741824
11713160094,3183969480,229.84,1073741824
11713160039,3183969442,229.27,1073741824
11713159984,3183969403,228.69,1073741824
11713159929,3183969364,228.11,1073741824
11713159875,3183969324,227.52,1073741824
11713159822,3183969284,226.94,1073741824
11713159769,3183969243,226.35,1073741824
11713159717,3183969202,225.75,1073741824
11713159665,3183969160,225.15,1073741824
11713159614,3183969119,224.55,1073741824
11713159563,3183969076,223.94,1073741824
11713159512,3183969034,223.33,1073741824
11713159462,3183968991,222.71,1073741824
11713159413,3183968948,222.08,1073741824
11713159364,3183968904,221.46,1073741824
11713159316,3183968860,220.83,1073741824
11713159268,3183968815,220.19,1073741824
11713159221,3183968770,219.56,1073741824
11713159174,3183968725,218.92,1073741824
11713159128,3183968679,218.28,1073741824
11713159083,3183968632,217.64,1073741824
11713159038,3183968585,217.02,1073741824
11713158994,3183968538,216.39,1073741824
11713158951,3183968490,215.77,1073741824
11713158909,3183968442,215.15,1073741824
11713158868,3183968393,214.53,1073741824
11713158828,3183968344,213.91,1073741824
11713158788,3183968294,213.28,1073741824
11713158749,3183968244,212.65,1073741824
11713158711,3183968194,212.01,1073741824
11713158673,3183968143,211.38,1073741824
11713158636,3183968092,210.75,1073741824
11713158600,3183968041,210.13,1073741824
11713158564,3183967988,209.52,1073741824
11713158528,3183967936,208.90,1073741824
11713158494,3183967883,208.30,1073741824
11713158459,3183967830,207.69,1073741824
11713158425,3183967777,207.08,1073741824
11713158392,3183967723,206.48,1073741824
11713158358,3183967669,205.87,1073741824
11713158325,3183967615,205.27,1073741824
11713158292,3183967561,204.67,1073741824
11713158260,3183967506,204.08,1073741824
11713158229,3183967451,203.51,1073741824
11713158199,3183967396,202.94,1073741824
11713158169,3183967340,202.38,1073741824
11713158140,3183967284,201.82,1073741824
11713158112,3183967228,201.26,1073741824
11713158084,3183967172,200.71,1073741824
11713158057,3183967115,200.16,1073741824
11713158030,3183967058,199.62,1073741824
11713158004,3183967000,199.10,1073741824
11713157978,3183966943,198.59,1073741824
11713157954,3183966884,198.09,1073741824
11713157930,3183966826,197.60,1073741824
11713157907,3183966767,197.12,1073741824
11713157885,3183966709,196.66,1073741824
11713157863,3183966650,196.20,1073741824
11713157842,3183966590,195.76,1073741824
11713157821,3183966531,195.32,1073741824
11713157802,3183966472,194.89,1073741824
11713157782,3183966412,194.46,1073741824
11713157764,3183966352,194.04,1073741824
11713157745,3183966292,193.63,1073741824
11713157727,3183966232,193.23,1073741824
11713157710,3183966171,192.83,1073741824
11713157692,3183966110,192.45,1073741824
11713157675,3183966049,192.07,1073741824
11713157659,3183965988,191.70,1073741824
11713157643,3183965926,191.34,1073741824
11713157627,3183965864,190.99,1073741824
11713157611,3183965802,190.64,1073741824
11713157596,3183965740,190.29,1073741824
11713157581,3183965677,189.95,1073741824
11713157566,3183965615,189.61,1073741824
11713157552,3183965553,189.29,1073741824
11713157538,3183965490,188.97,1073741824
11713157525,3183965428,188.67,1073741824
11713157513,3183965365,188.38,1073741824
11713157501,3183965303,188.10,1073741824
11713157490,3183965240,187.83,1073741824
11713157479,3183965178,187.56,1073741824
11713157469,3183965115,187.31,1073741824
11713157459,3183965053,187.06,1073741824
11713157450,3183964990,186.81,1073741824
11713157440,3183964927,186.58,1073741824
11713157431,3183964864,186.35,1073741824
11713157423,3183964801,186.12,1073741824
11713157414,3183964738,185.91,1073741824
11713157406,3183964675,185.70,1073741824
11713157397,3183964611,185.50,1073741824
11713157389,3183964548,185.31,1073741824
11713157381,3183964484,185.12,1073741824
11713157374,3183964421,184.94,1073741824
11713157366,3183964357,184.76,1073741824
11713157359,3183964293,184.59,1073741824
11713157352,3183964230,184.42,1073741824
11713157346,3183964166,184.26,1073741824
11713157339,3183964102,184.10,1073741824
11713157333,3183964039,183.93,1073741824
11713157327,3183963975,183.77,1073741824
11713157321,3183963911,183.62,1073741824
11713157315,3183963847,183.47,1073741824
11713157310,3183963784,183.33,1073741824
11713157305,3183963720,183.19,1073741824
11713157300,3183963656,183.06,1073741824
11713157295,3183963592,182.93,1073741824
11713157291,3183963528,182.80,1073741824
11713157287,3183963463,182.68,1073741824
11713157282,3183963397,182.55,1073741824
11713157278,3183963331,182.42,1073741824
11713157274,3183963265,182.30,1073741824
11713157270,3183963198,182.17,1073741824
11713157266,3183963131,182.05,1073741824
11713157263,3183963085,181.98,1073741824
11713157260,3183963017,181.86,1073741824
11713157257,3183962949,181.76,1073741824
11713157255,3183962903,181.69,1073741824
11713157253,3183962856,181.62,1073741824
11713157251,3183962810,181.56,1073741824
11713157250,3183962764,181.49,1073741824
11713157248,3183962717,181.43,1073741824
11713157246,3183962670,181.37,1073741824
11713157245,3183962623,181.31,1073741824
11713157243,3183962576,181.24,1073741824
11713157242,3183962529,181.18,1073741824
11713157240,3183962482,181.13,1073741824
11713157239,3183962434,181.07,1073741824
11713157238,3183962387,181.02,1073741824
11713157236,3183962340,180.96,1073741824
11713157235,3183962292,180.91,1073741824
11713157234,3183962244,180.86,1073741824
11713157233,3183962197,180.81,1073741824
11713157232,3183962149,180.76,1073741824
11713157231,3183962101,180.72,1073741824
11713157230,3183962054,180.68,1073741824
11713157230,3183962006,180.64,1073741824
11713157229,3183961958,180.60,1073741824
11713157228,3183961910,180.56,1073741824
11713157227,3183961862,180.53,1073741824
11713157227,3183961814,180.50,1073741824
11713157226,3183961765,180.47,1073741824
11713157226,3183961717,180.44,1073741824
11713157225,3183961669,180.42,1073741824
11713157225,3183961620,180.40,1073741824
11713157225,3183961572,180.38,1073741824
11713157224,3183961523,180.36,1073741824
11713157224,3183961475,180.34,1073741824
11713157223,3183961426,180.32,1073741824
11713157223,3183961378,180.31,1073741824
11713157223,3183961329,180.30,1073741824
11713157222,3183961280,180.28,1073741824
11713157221,3183961231,180.27,1073741824
11713157221,3183961182,180.26,1073741824
11713157220,3183961134,180.26,1073741824
11713157220,3183961085,180.25,1073741824
11713157219,3183961036,180.25,1073741824
11713157219,3183960987,180.25,1073741824
11713157219,3183960938,180.25,1073741824
11713157218,3183960889,180.26,1073741824
11713157218,3183960840,180.26,1073741824
11713157217,3183960791,180.26,1073741824
11713157217,3183960742,180.27,1073741824
11713157216,3183960693,180.28,1073741824
11713157216,3183960644,180.28,1073741824
11713157215,3183960595,180.29,1073741824
11713157215,3183960546,180.30,1073741824
11713157214,3183960497,180.31,1073741824
11713157214,3183960448,180.32,1073741824
11713157214,3183960399,180.33,1073741824
11713157213,3183960350,180.35,1073741824
11713157213,3183960301,180.36,1073741824
11713157212,3183960252,180.38,1073741824
11713157212,3183960202,180.41,1073741824
11713157211,3183960153,180.43,1073741824
11713157211,3183960104,180.45,1073741824
11713157210,3183960055,180.48,1073741824
11713157210,3183960006,180.51,1073741824
11713157209,3183959957,180.55,1073741824
11713157209,3183959907,180.58,1073741824
11713157208,3183959858,180.62,1073741824
11713157208,3183959809,180.67,1073741824
11713157207,3183959760,180.72,1073741824
11713157207,3183959711,180.76,1073741824
11713157206,3183959661,180.81,1073741824
11713157206,3183959612,180.86,1073741824
11713157205,3183959563,180.91,1073741824
11713157204,3183959514,180.97,1073741824
11713157203,3183959466,181.02,1073741824
11713157202,3183959417,181.08,1073741824
11713157201,3183959368,181.14,1073741824
11713157200,3183959319,181.20,1073741824
11713157199,3183959271,181.27,1073741824
11713157198,3183959222,181.34,1073741824
11713157197,3183959173,181.41,1073741824
11713157196,3183959125,181.49,1073741824
11713157194,3183959077,181.57,1073741824
11713157193,3183959028,181.65,1073741824
11713157192,3183958980,181.74,1073741824
11713157190,3183958932,181.83,1073741824
11713157188,3183958883,181.92,1073741824
11713157187,3183958835,182.01,1073741824
11713157185,3183958787,182.11,1073741824
11713157183,3183958738,182.21,1073741824
11713157181,3183958690,182.32,1073741824
11713157179,3183958642,182.42,1073741824
11713157177,3183958594,182.54,1073741824
11713157174,3183958546,182.65,1073741824
11713157172,3183958498,182.77,1073741824
11713157169,3183958450,182.89,1073741824
11713157167,3183958402,183.02,1073741824
11713157164,3183958354,183.15,1073741824
11713157114,3183958329,183.89,1610612736
11713157109,3183958270,184.07,1610612736
11713157103,3183958211,184.25,1610612736
11713157098,3183958152,184.43,1610612736
11713157092,3183958094,184.62,1610612736
11713157086,3183958035,184.81,1610612736
11713157080,3183957977,185.00,1610612736
11713157073,3183957918,185.20,1610612736
11713157067,3183957860,185.40,1610612736
11713157060,3183957801,185.61,1610612736
11713157053,3183957743,185.82,1610612736
11713157046,3183957685,186.03,1610612736
11713157038,3183957627,186.24,1610612736
11713157031,3183957569,186.46,1610612736
11713157023,3183957511,186.68,1610612736
11713157015,3183957453,186.90,1610612736
11713157006,3183957395,187.13,1610612736
11713156998,3183957337,187.36,1610612736
11713156989,3183957280,187.60,1610612736
11713156979,3183957222,187.83,1610612736
11713156970,3183957164,188.07,1610612736
11713156960,3183957107,188.31,1610612736
11713156951,3183957049,188.56,1610612736
11713156940,3183956992,188.80,1610612736
11713156930,3183956935,189.06,1610612736
11713156919,3183956878,189.31,1610612736
11713156908,3183956821,189.57,1610612736
11713156897,3183956764,189.83,1610612736
11713156885,3183956707,190.10,1610612736
11713156873,3183956651,190.37,1610612736
11713156861,3183956594,190.64,1610612736
11713156849,3183956538,190.92,1610612736
11713156836,3183956482,191.20,1610612736
11713156823,3183956426,191.48,1610612736
11713156810,3183956370,191.76,1610612736
11713156796,3183956314,192.05,1610612736
11713156782,3183956259,192.33,1610612736
11713156768,3183956203,192.62,1610612736
11713156753,3183956148,192.91,1610612736
11713156739,3183956093,193.20,1610612736
11713156723,3183956038,193.51,1610612736
11713156708,3183955984,193.81,1610612736
11713156692,3183955929,194.12,1610612736
11713156676,3183955875,194.44,1610612736
11713156660,3183955821,194.77,1610612736
11713156643,3183955767,195.09,1610612736
11713156626,3183955713,195.43,1610612736
11713156609,3183955660,195.77,1610612736
11713156591,3183955606,196.11,1610612736
11713156574,3183955553,196.46,1610612736
11713156556,3183955500,196.81,1610612736
11713156538,3183955447,197.17,1610612736
11713156519,3183955395,197.54,1610612736
11713156500,3183955342,197.91,1610612736
11713156481,3183955290,198.29,1610612736
11713156462,3183955238,198.67,1610612736
11713156442,3183955186,199.06,1610612736
11713156422,3183955134,199.44,1610612736
11713156401,3183955083,199.84,1610612736
11713156380,3183955032,200.24,1610612736
11713156359,3183954981,200.64,1610612736
11713156337,3183954930,201.05,1610612736
11713156315,3183954879,201.46,1610612736
11713156292,3183954829,201.88,1610612736
11713156269,3183954778,202.30,1610612736
11713156245,3183954728,202.73,1610612736
11713156221,3183954677,203.17,1610612736
11713156197,3183954627,203.61,1610612736
11713156172,3183954577,204.06,1610612736
11713156146,3183954527,204.51,1610612736
11713156120,3183954476,204.97,1610612736
11713156093,3183954426,205.44,1610612736
11713156066,3183954376,205.91,1610612736
11713156038,3183954325,206.39,1610612736
11713156010,3183954275,206.88,1610612736
11713155981,3183954225,207.37,1610612736
11713155952,3183954174,207.88,1610612736
11713155922,3183954124,208.39,1610612736
11713155892,3183954074,208.90,1610612736
11713155860,3183954024,209.42,1610612736
11713155829,3183953974,209.95,1610612736
11713155796,3183953924,210.49,1610612736
11713155763,3183953875,211.02,1610612736
11713155729,3183953825,211.56,1610612736
11713155695,3183953776,212.10,1610612736
11713155660,3183953727,212.65,1610612736
11713155624,3183953678,213.20,1610612736
11713155587,3183953629,213.76,1610612736
11713155550,3183953580,214.32,1610612736
11713155512,3183953532,214.90,1610612736
11713155474,3183953484,215.47,1610612736
11713155435,3183953436,216.06,1610612736
11713155395,3183953388,216.66,1610612736
11713155355,3183953340,217.27,1610612736
11713155314,3183953293,217.89,1610612736
11713155272,3183953245,218.51,1610612736
11713155230,3183953198,219.12,1610612736
11713155187,3183953151,219.74,1610612736
11713155143,3183953104,220.36,1610612736
11713155098,3183953058,220.97,1610612736
11713155053,3183953012,221.60,1610612736
11713155007,3183952967,222.23,1610612736
11713154961,3183952921,222.87,1610612736
11713154914,3183952877,223.52,1610612736
11713154867,3183952832,224.17,1610612736
11713154819,3183952788,224.83,1610612736
11713154770,3183952745,225.49,1610612736
11713154721,3183952702,226.14,1610612736
11713154670,3183952660,226.79,1610612736
11713154619,3183952618,227.44,1610612736
11713154567,3183952577,228.08,1610612736
11713154515,3183952536,228.73,1610612736
11713154462,3183952495,229.38,1610612736
11713154408,3183952455,230.02,1610612736
11713154353,3183952414,230.66,1610612736
11713154298,3183952375,231.28,1610612736
11713154242,3183952335,231.89,1610612736
11713154185,3183952296,232.49,1610612736
11713154128,3183952258,233.07,1610612736
11713154070,3183952219,233.65,1610612736
11713154011,3183952182,234.22,1610612736
11713153952,3183952144,234.79,1610612736
11713153893,3183952107,235.36,1610612736
11713153834,3183952071,235.93,1610612736
11713153774,3183952035,236.51,1610612736
11713153714,3183951999,237.08,1610612736
11713153653,3183951964,237.65,1610612736
11713153592,3183951929,238.22,1610612736
11713153530,3183951895,238.79,1610612736
11713153468,3183951862,239.35,1610612736
11713153406,3183951829,239.91,1610612736
11713153343,3183951796,240.46,1610612736
11713153279,3183951764,240.99,1610612736
11713153215,3183951733,241.51,1610612736
11713153150,3183951702,242.02,1610612736
11713153085,3183951672,242.52,1610612736
11713153019,3183951642,243.01,1610612736
11713152953,3183951613,243.49,1610612736
11713152886,3183951584,243.97,1610612736
11713152819,3183951556,244.44,1610612736
11713152752,3183951528,244.91,1610612736
11713152685,3183951500,245.38,1610612736
11713152617,3183951473,245.85,1610612736
11713152548,3183951445,246.32,1610612736
11713152479,3183951419,246.78,1610612736
11713152409,3183951392,247.23,1610612736
11713152338,3183951366,247.67,1610612736
11713152267,3183951340,248.11,1610612736
11713152195,3183951315,248.53,1610612736
11713152122,3183951290,248.96,1610612736
11713152049,3183951266,249.38,1610612736
11713151999,3183951249,249.66,1610612736
11713151949,3183951233,249.93,1610612736
11713151899,3183951217,250.21,1610612736
11713151849,3183951201,250.49,1610612736
11713151798,3183951186,250.76,1610612736
11713151747,3183951170,251.04,1610612736
11713151696,3183951154,251.32,1610612736
11713151645,3183951139,251.59,1610612736
11713151593,3183951124,251.87,1610612736
11713151541,3183951109,252.14,1610612736
11713151489,3183951094,252.41,1610612736
11713151437,3183951079,252.68,1610612736
11713151384,3183951064,252.95,1610612736
11713151331,3183951050,253.21,1610612736
11713151278,3183951036,253.48,1610612736
11713151224,3183951022,253.74,1610612736
11713151170,3183951008,254.00,1610612736
11713151116,3183950994,254.25,1610612736
11713151062,3183950981,254.51,1610612736
11713151007,3183950967,254.77,1610612736
11713150952,3183950954,255.02,1610612736
11713150897,3183950941,255.28,1610612736
11713150842,3183950928,255.54,1610612736
11713150786,3183950916,255.80,1610612736
11713150730,3183950903,256.05,1610612736
11713150674,3183950891,256.31,1610612736
11713150617,3183950878,256.56,1610612736
11713150561,3183950866,256.81,1610612736
11713150504,3183950854,257.07,1610612736
11713150447,3183950843,257.31,1610612736
11713150389,3183950831,257.56,1610612736
11713150332,3183950820,257.80,1610612736
11713150274,3183950809,258.04,1610612736
11713150216,3183950798,258.27,1610612736
11713150158,3183950787,258.50,1610612736
11713150099,3183950776,258.73,1610612736
11713150041,3183950766,258.95,1610612736
11713149982,3183950756,259.17,1610612736
11713149923,3183950746,259.38,1610612736
11713149863,3183950736,259.60,1610612736
11713149804,3183950726,259.80,1610612736
11713149744,3183950717,260.01,1610612736
11713149684,3183950707,260.20,1610612736
11713149625,3183950698,260.41,1610612736
11713149564,3183950689,260.61,1610612736
11713149504,3183950680,260.80,1610612736
11713149444,3183950671,261.00,1610612736
11713149384,3183950663,261.19,1610612736
11713149323,3183950655,261.38,1610612736
11713149262,3183950647,261.56,1610612736
11713149202,3183950639,261.75,1610612736
11713149141,3183950632,261.93,1610612736
11713149080,3183950625,262.11,1610612736
11713149019,3183950617,262.29,1610612736
11713148958,3183950610,262.47,1610612736
11713148897,3183950603,262.64,1610612736
11713148836,3183950597,262.82,1610612736
11713148775,3183950590,262.99,1610612736
11713148713,3183950584,263.14,1610612736
11713148652,3183950577,263.31,1610612736
11713148590,3183950571,263.47,1610612736
11713148529,3183950565,263.63,1610612736
11713148467,3183950559,263.77,1610612736
11713148405,3183950554,263.93,1610612736
11713148343,3183950548,264.07,1610612736
11713148281,3183950543,264.20,1610612736
11713148219,3183950538,264.36,1610612736
11713148157,3183950532,264.50,1610612736
11713148095,3183950527,264.63,1610612736
11713148033,3183950522,264.77,1610612736
11713147970,3183950518,264.89,1610612736
11713147908,3183950513,265.04,1610612736
11713147846,3183950508,265.17,1610612736
11713147783,3183950504,265.30,1610612736
11713147721,3183950499,265.43,1610612736
11713147658,3183950495,265.56,1610612736
11713147596,3183950491,265.68,1610612736
11713147533,3183950487,265.80,1610612736
11713147471,3183950483,265.92,1610612736
11713147408,3183950480,266.04,1610612736
11713147346,3183950476,266.14,1610612736
11713147283,3183950472,266.26,1610612736
11713147221,3183950469,266.37,1610612736
11713147158,3183950466,266.48,1610612736
11713147096,3183950462,266.58,1610612736
11713147034,3183950459,266.68,1610612736
11713146971,3183950456,266.77,1610612736
11713146909,3183950453,266.86,1610612736
11713146846,3183950450,266.95,1610612736
11713146784,3183950448,267.04,1610612736
11713146721,3183950445,267.12,1610612736
11713146659,3183950443,267.20,1610612736
11713146597,3183950440,267.27,1610612736
11713146534,3183950438,267.33,1610612736
11713146472,3183950436,267.41,1610612736
11713146410,3183950434,267.47,1610612736
11713146348,3183950431,267.52,1610612736
11713146285,3183950429,267.60,1610612736
