0 20498119.061 4439190.664 0.00 18.41 0.00 0.00 0.00 0.00
0 20498119.077 4439190.713 0.00 18.32 0.00 0.00 0.00 0.00
0 20498119.095 4439190.764 0.00 18.22 0.00 0.00 0.00 0.00
0 20498119.112 4439190.817 0.00 18.13 0.00 0.00 0.00 0.00
0 20498119.130 4439190.871 0.00 18.04 0.00 0.00 0.00 0.00
0 20498119.147 4439190.919 0.00 17.94 0.00 0.00 0.00 0.00
0 20498119.163 4439190.966 0.00 17.85 0.00 0.00 0.00 0.00
0 20498119.180 4439191.016 0.00 17.76 0.00 0.00 0.00 0.00
0 20498119.197 4439191.068 0.00 17.68 0.00 0.00 0.00 0.00
0 20498119.214 4439191.120 0.00 17.59 0.00 0.00 0.00 0.00
0 20498119.231 4439191.173 0.00 17.51 0.00 0.00 0.00 0.00
0 20498119.249 4439191.227 0.00 17.43 0.00 0.00 0.00 0.00
0 20498119.267 4439191.283 0.00 17.36 0.00 0.00 0.00 0.00
0 20498119.286 4439191.338 0.00 17.29 0.00 0.00 0.00 0.00
0 20498119.301 4439191.386 0.00 17.23 0.00 0.00 0.00 0.00
0 20498119.316 4439191.434 0.00 17.19 0.00 0.00 0.00 0.00
0 20498119.332 4439191.483 0.00 17.13 0.00 0.00 0.00 0.00
0 20498119.348 4439191.533 0.00 17.09 0.00 0.00 0.00 0.00
0 20498119.364 4439191.583 0.00 17.04 0.00 0.00 0.00 0.00
0 20498119.380 4439191.633 0.00 17.00 0.00 0.00 0.00 0.00
0 20498119.397 4439191.684 0.00 16.96 0.00 0.00 0.00 0.00
0 20498119.413 4439191.736 0.00 16.93 0.00 0.00 0.00 0.00
0 20498119.429 4439191.787 0.00 16.89 0.00 0.00 0.00 0.00
0 20498119.445 4439191.840 0.00 16.86 0.00 0.00 0.00 0.00
0 20498119.462 4439191.892 0.00 16.82 0.00 0.00 0.00 0.00
0 20498119.479 4439191.946 0.00 16.79 0.00 0.00 0.00 0.00
0 20498119.496 4439191.999 0.00 16.77 0.00 0.00 0.00 0.00
0 20498119.513 4439192.053 0.00 16.73 0.00 0.00 0.00 0.00
0 20498119.529 4439192.108 0.00 16.71 0.00 0.00 0.00 0.00
0 20498119.546 4439192.162 0.00 16.69 0.00 0.00 0.00 0.00
0 20498119.563 4439192.218 0.00 16.66 0.00 0.00 0.00 0.00
0 20498119.581 4439192.273 0.00 16.63 0.00 0.00 0.00 0.00
0 20498119.598 4439192.329 0.00 16.61 0.00 0.00 0.00 0.00
0 20498119.615 4439192.385 0.00 16.59 0.00 0.00 0.00 0.00
0 20498119.632 4439192.442 0.00 16.57 0.00 0.00 0.00 0.00
0 20498119.649 4439192.498 0.00 16.54 0.00 0.00 0.00 0.00
0 20498119.667 4439192.555 0.00 16.52 0.00 0.00 0.00 0.00
0 20498119.684 4439192.612 0.00 16.50 0.00 0.00 0.00 0.00
0 20498119.701 4439192.669 0.00 16.48 0.00 0.00 0.00 0.00
0 20498119.719 4439192.726 0.00 16.46 0.00 0.00 0.00 0.00
0 20498119.736 4439192.784 0.00 16.44 0.00 0.00 0.00 0.00
0 20498119.754 4439192.843 0.00 16.42 0.00 0.00 0.00 0.00
0 20498119.772 4439192.901 0.00 16.39 0.00 0.00 0.00 0.00
0 20498119.789 4439192.959 0.00 16.38 0.00 0.00 0.00 0.00
0 20498119.807 4439193.017 0.00 16.36 0.00 0.00 0.00 0.00
0 20498119.825 4439193.076 0.00 16.34 0.00 0.00 0.00 0.00
0 20498119.843 4439193.135 0.00 16.32 0.00 0.00 0.00 0.00
0 20498119.861 4439193.195 0.00 16.30 0.00 0.00 0.00 0.00
0 20498119.878 4439193.255 0.00 16.30 0.00 0.00 0.00 0.00
0 20498119.896 4439193.315 0.00 16.30 0.00 0.00 0.00 0.00
0 20498119.913 4439193.375 0.00 16.30 0.00 0.00 0.00 0.00
0 20498119.928 4439193.424 0.00 16.29 0.00 0.00 0.00 0.00
0 20498119.946 4439193.484 0.00 16.28 0.00 0.00 0.00 0.00
0 20498119.960 4439193.532 0.00 16.28 0.00 0.00 0.00 0.00
0 20498119.975 4439193.581 0.00 16.28 0.00 0.00 0.00 0.00
0 20498119.988 4439193.630 0.00 16.28 0.00 0.00 0.00 0.00
0 20498120.003 4439193.679 0.00 16.27 0.00 0.00 0.00 0.00
0 20498120.017 4439193.728 0.00 16.27 0.00 0.00 0.00 0.00
0 20498120.032 4439193.777 0.00 16.27 0.00 0.00 0.00 0.00
0 20498120.046 4439193.827 0.00 16.27 0.00 0.00 0.00 0.00
0 20498120.061 4439193.875 0.00 16.27 0.00 0.00 0.00 0.00
0 20498120.075 4439193.925 0.00 16.27 0.00 0.00 0.00 0.00
0 20498120.090 4439193.975 0.00 16.27 0.00 0.00 0.00 0.00
0 20498120.105 4439194.025 0.00 16.28 0.00 0.00 0.00 0.00
0 20498120.120 4439194.075 0.00 16.28 0.00 0.00 0.00 0.00
0 20498120.134 4439194.125 0.00 16.28 0.00 0.00 0.00 0.00
0 20498120.150 4439194.175 0.00 16.28 0.00 0.00 0.00 0.00
0 20498120.164 4439194.226 0.00 16.28 0.00 0.00 0.00 0.00
0 20498120.179 4439194.276 0.00 16.28 0.00 0.00 0.00 0.00
0 20498120.194 4439194.327 0.00 16.29 0.00 0.00 0.00 0.00
0 20498120.208 4439194.377 0.00 16.30 0.00 0.00 0.00 0.00
0 20498120.224 4439194.427 0.00 16.30 0.00 0.00 0.00 0.00
0 20498120.239 4439194.478 0.00 16.30 0.00 0.00 0.00 0.00
0 20498120.255 4439194.528 0.00 16.30 0.00 0.00 0.00 0.00
0 20498120.269 4439194.579 0.00 16.30 0.00 0.00 0.00 0.00
0 20498120.284 4439194.629 0.00 16.30 0.00 0.00 0.00 0.00
0 20498120.300 4439194.680 0.00 16.32 0.00 0.00 0.00 0.00
0 20498120.315 4439194.732 0.00 16.32 0.00 0.00 0.00 0.00
0 20498120.330 4439194.783 0.00 16.34 0.00 0.00 0.00 0.00
0 20498120.345 4439194.834 0.00 16.35 0.00 0.00 0.00 0.00
0 20498120.360 4439194.885 0.00 16.36 0.00 0.00 0.00 0.00
0 20498120.376 4439194.936 0.00 16.37 0.00 0.00 0.00 0.00
0 20498120.391 4439194.987 0.00 16.39 0.00 0.00 0.00 0.00
0 20498120.406 4439195.038 0.00 16.39 0.00 0.00 0.00 0.00
0 20498120.422 4439195.089 0.00 16.41 0.00 0.00 0.00 0.00
0 20498120.437 4439195.140 0.00 16.42 0.00 0.00 0.00 0.00
0 20498120.453 4439195.191 0.00 16.44 0.00 0.00 0.00 0.00
0 20498120.468 4439195.242 0.00 16.46 0.00 0.00 0.00 0.00
0 20498120.483 4439195.293 0.00 16.47 0.00 0.00 0.00 0.00
0 20498120.499 4439195.344 0.00 16.48 0.00 0.00 0.00 0.00
0 20498120.514 4439195.395 0.00 16.50 0.00 0.00 0.00 0.00
0 20498120.530 4439195.447 0.00 16.52 0.00 0.00 0.00 0.00
0 20498120.546 4439195.498 0.00 16.54 0.00 0.00 0.00 0.00
0 20498120.561 4439195.549 0.00 16.55 0.00 0.00 0.00 0.00
0 20498120.576 4439195.600 0.00 16.57 0.00 0.00 0.00 0.00
0 20498120.592 4439195.651 0.00 16.59 0.00 0.00 0.00 0.00
0 20498120.607 4439195.702 0.00 16.60 0.00 0.00 0.00 0.00
0 20498120.623 4439195.753 0.00 16.62 0.00 0.00 0.00 0.00
0 20498120.639 4439195.804 0.00 16.64 0.00 0.00 0.00 0.00
0 20498120.655 4439195.855 0.00 16.66 0.00 0.00 0.00 0.00
0 20498120.670 4439195.906 0.00 16.68 0.00 0.00 0.00 0.00
0 20498120.686 4439195.957 0.00 16.70 0.00 0.00 0.00 0.00
0 20498120.702 4439196.008 0.00 16.71 0.00 0.00 0.00 0.00
0 20498120.718 4439196.059 0.00 16.73 0.00 0.00 0.00 0.00
0 20498120.734 4439196.110 0.00 16.75 0.00 0.00 0.00 0.00
0 20498120.750 4439196.162 0.00 16.76 0.00 0.00 0.00 0.00
0 20498120.766 4439196.213 0.00 16.78 0.00 0.00 0.00 0.00
0 20498120.782 4439196.264 0.00 16.80 0.00 0.00 0.00 0.00
0 20498120.798 4439196.315 0.00 16.82 0.00 0.00 0.00 0.00
0 20498120.814 4439196.366 0.00 16.85 0.00 0.00 0.00 0.00
0 20498120.830 4439196.417 0.00 16.87 0.00 0.00 0.00 0.00
0 20498120.846 4439196.468 0.00 16.89 0.00 0.00 0.00 0.00
0 20498120.862 4439196.519 0.00 16.91 0.00 0.00 0.00 0.00
0 20498120.878 4439196.570 0.00 16.93 0.00 0.00 0.00 0.00
0 20498120.895 4439196.620 0.00 16.95 0.00 0.00 0.00 0.00
0 20498120.911 4439196.671 0.00 16.97 0.00 0.00 0.00 0.00
0 20498120.927 4439196.722 0.00 16.98 0.00 0.00 0.00 0.00
0 20498120.943 4439196.773 0.00 17.01 0.00 0.00 0.00 0.00
0 20498120.960 4439196.824 0.00 17.03 0.00 0.00 0.00 0.00
0 20498120.976 4439196.875 0.00 17.05 0.00 0.00 0.00 0.00
0 20498120.993 4439196.927 0.00 17.05 0.00 0.00 0.00 0.00
0 20498121.009 4439196.977 0.00 17.07 0.00 0.00 0.00 0.00
0 20498121.025 4439197.028 0.00 17.10 0.00 0.00 0.00 0.00
0 20498121.042 4439197.079 0.00 17.13 0.00 0.00 0.00 0.00
0 20498121.058 4439197.129 0.00 17.14 0.00 0.00 0.00 0.00
0 20498121.075 4439197.180 0.00 17.17 0.00 0.00 0.00 0.00
0 20498121.091 4439197.230 0.00 17.19 0.00 0.00 0.00 0.00
0 20498121.108 4439197.281 0.00 17.21 0.00 0.00 0.00 0.00
0 20498121.124 4439197.331 0.00 17.23 0.00 0.00 0.00 0.00
0 20498121.141 4439197.382 0.00 17.25 0.00 0.00 0.00 0.00
0 20498121.158 4439197.432 0.00 17.28 0.00 0.00 0.00 0.00
0 20498121.174 4439197.483 0.00 17.30 0.00 0.00 0.00 0.00
0 20498121.191 4439197.533 0.00 17.32 0.00 0.00 0.00 0.00
0 20498121.207 4439197.584 0.00 17.35 0.00 0.00 0.00 0.00
0 20498121.224 4439197.634 0.00 17.38 0.00 0.00 0.00 0.00
0 20498121.241 4439197.685 0.00 17.41 0.00 0.00 0.00 0.00
0 20498121.257 4439197.735 0.00 17.43 0.00 0.00 0.00 0.00
0 20498121.275 4439197.785 0.00 17.46 0.00 0.00 0.00 0.00
0 20498121.292 4439197.836 0.00 17.48 0.00 0.00 0.00 0.00
0 20498121.308 4439197.886 0.00 17.52 0.00 0.00 0.00 0.00
0 20498121.325 4439197.936 0.00 17.54 0.00 0.00 0.00 0.00
0 20498121.341 4439197.987 0.00 17.57 0.00 0.00 0.00 0.00
0 20498121.358 4439198.037 0.00 17.59 0.00 0.00 0.00 0.00
0 20498121.375 4439198.087 0.00 17.61 0.00 0.00 0.00 0.00
0 20498121.392 4439198.138 0.00 17.64 0.00 0.00 0.00 0.00
0 20498121.409 4439198.188 0.00 17.67 0.00 0.00 0.00 0.00
0 20498121.426 4439198.238 0.00 17.70 0.00 0.00 0.00 0.00
0 20498121.444 4439198.289 0.00 17.73 0.00 0.00 0.00 0.00
0 20498121.460 4439198.339 0.00 17.76 0.00 0.00 0.00 0.00
0 20498121.478 4439198.389 0.00 17.79 0.00 0.00 0.00 0.00
0 20498121.495 4439198.439 0.00 17.80 0.00 0.00 0.00 0.00
0 20498121.512 4439198.490 0.00 17.82 0.00 0.00 0.00 0.00
0 20498121.529 4439198.540 0.00 17.86 0.00 0.00 0.00 0.00
0 20498121.546 4439198.590 0.00 17.89 0.00 0.00 0.00 0.00
0 20498121.563 4439198.640 0.00 17.93 0.00 0.00 0.00 0.00
0 20498121.581 4439198.691 0.00 17.96 0.00 0.00 0.00 0.00
0 20498121.598 4439198.741 0.00 17.98 0.00 0.00 0.00 0.00
0 20498121.616 4439198.792 0.00 18.02 0.00 0.00 0.00 0.00
0 20498121.633 4439198.843 0.00 18.04 0.00 0.00 0.00 0.00
0 20498121.651 4439198.893 0.00 18.07 0.00 0.00 0.00 0.00
0 20498121.669 4439198.944 0.00 18.11 0.00 0.00 0.00 0.00
0 20498121.687 4439198.995 0.00 18.14 0.00 0.00 0.00 0.00
0 20498121.704 4439199.046 0.00 18.17 0.00 0.00 0.00 0.00
0 20498121.722 4439199.097 0.00 18.21 0.00 0.00 0.00 0.00
0 20498121.740 4439199.148 0.00 18.23 0.00 0.00 0.00 0.00
0 20498121.758 4439199.199 0.00 18.28 0.00 0.00 0.00 0.00
0 20498121.776 4439199.250 0.00 18.30 0.00 0.00 0.00 0.00
0 20498121.794 4439199.301 0.00 18.35 0.00 0.00 0.00 0.00
0 20498121.812 4439199.353 0.00 18.39 0.00 0.00 0.00 0.00
0 20498121.830 4439199.405 0.00 18.42 0.00 0.00 0.00 0.00
0 20498121.849 4439199.456 0.00 18.46 0.00 0.00 0.00 0.00
0 20498121.867 4439199.508 0.00 18.50 0.00 0.00 0.00 0.00
0 20498121.885 4439199.560 0.00 18.53 0.00 0.00 0.00 0.00
0 20498121.903 4439199.611 0.00 18.57 0.00 0.00 0.00 0.00
0 20498121.921 4439199.663 0.00 18.60 0.00 0.00 0.00 0.00
0 20498121.939 4439199.716 0.00 18.63 0.00 0.00 0.00 0.00
0 20498121.957 4439199.768 0.00 18.64 0.00 0.00 0.00 0.00
0 20498121.976 4439199.820 0.00 18.68 0.00 0.00 0.00 0.00
0 20498121.994 4439199.872 0.00 18.70 0.00 0.00 0.00 0.00
0 20498122.013 4439199.924 0.00 18.73 0.00 0.00 0.00 0.00
0 20498122.032 4439199.977 0.00 18.75 0.00 0.00 0.00 0.00
0 20498122.049 4439200.029 0.00 18.77 0.00 0.00 0.00 0.00
0 20498122.068 4439200.081 0.00 18.80 0.00 0.00 0.00 0.00
0 20498122.087 4439200.133 0.00 18.82 0.00 0.00 0.00 0.00
0 20498122.106 4439200.185 0.00 18.84 0.00 0.00 0.00 0.00
0 20498122.125 4439200.237 0.00 18.87 0.00 0.00 0.00 0.00
0 20498122.143 4439200.290 0.00 18.91 0.00 0.00 0.00 0.00
0 20498122.162 4439200.342 0.00 18.94 0.00 0.00 0.00 0.00
0 20498122.181 4439200.394 0.00 18.97 0.00 0.00 0.00 0.00
0 20498122.200 4439200.446 0.00 19.00 0.00 0.00 0.00 0.00
0 20498122.218 4439200.498 0.00 19.03 0.00 0.00 0.00 0.00
0 20498122.237 4439200.551 0.00 19.05 0.00 0.00 0.00 0.00
0 20498122.257 4439200.603 0.00 19.09 0.00 0.00 0.00 0.00
0 20498122.276 4439200.655 0.00 19.12 0.00 0.00 0.00 0.00
0 20498122.294 4439200.708 0.00 19.14 0.00 0.00 0.00 0.00
0 20498122.313 4439200.760 0.00 19.18 0.00 0.00 0.00 0.00
0 20498122.332 4439200.813 0.00 19.21 0.00 0.00 0.00 0.00
0 20498122.351 4439200.865 0.00 19.23 0.00 0.00 0.00 0.00
0 20498122.370 4439200.917 0.00 19.25 0.00 0.00 0.00 0.00
0 20498122.388 4439200.970 0.00 19.27 0.00 0.00 0.00 0.00
0 20498122.407 4439201.022 0.00 19.29 0.00 0.00 0.00 0.00
0 20498122.426 4439201.075 0.00 19.30 0.00 0.00 0.00 0.00
0 20498122.445 4439201.127 0.00 19.32 0.00 0.00 0.00 0.00
0 20498122.463 4439201.179 0.00 19.35 0.00 0.00 0.00 0.00
0 20498122.482 4439201.231 0.00 19.38 0.00 0.00 0.00 0.00
0 20498122.501 4439201.282 0.00 19.39 0.00 0.00 0.00 0.00
0 20498122.520 4439201.334 0.00 19.41 0.00 0.00 0.00 0.00
0 20498122.539 4439201.387 0.00 19.43 0.00 0.00 0.00 0.00
0 20498122.558 4439201.439 0.00 19.44 0.00 0.00 0.00 0.00
0 20498122.577 4439201.491 0.00 19.46 0.00 0.00 0.00 0.00
0 20498122.597 4439201.543 0.00 19.48 0.00 0.00 0.00 0.00
0 20498122.615 4439201.595 0.00 19.50 0.00 0.00 0.00 0.00
0 20498122.635 4439201.648 0.00 19.52 0.00 0.00 0.00 0.00
0 20498122.654 4439201.700 0.00 19.54 0.00 0.00 0.00 0.00
0 20498122.673 4439201.752 0.00 19.55 0.00 0.00 0.00 0.00
0 20498122.692 4439201.805 0.00 19.57 0.00 0.00 0.00 0.00
0 20498122.711 4439201.857 0.00 19.60 0.00 0.00 0.00 0.00
0 20498122.731 4439201.910 0.00 19.62 0.00 0.00 0.00 0.00
0 20498122.750 4439201.962 0.00 19.64 0.00 0.00 0.00 0.00
0 20498122.769 4439202.015 0.00 19.64 0.00 0.00 0.00 0.00
0 20498122.789 4439202.067 0.00 19.67 0.00 0.00 0.00 0.00
0 20498122.807 4439202.119 0.00 19.69 0.00 0.00 0.00 0.00
0 20498122.827 4439202.173 0.00 19.71 0.00 0.00 0.00 0.00
0 20498122.846 4439202.225 0.00 19.72 0.00 0.00 0.00 0.00
0 20498122.865 4439202.278 0.00 19.73 0.00 0.00 0.00 0.00
0 20498122.885 4439202.330 0.00 19.76 0.00 0.00 0.00 0.00
0 20498122.905 4439202.384 0.00 19.78 0.00 0.00 0.00 0.00
0 20498122.923 4439202.436 0.00 19.80 0.00 0.00 0.00 0.00
0 20498122.943 4439202.489 0.00 19.82 0.00 0.00 0.00 0.00
0 20498122.963 4439202.541 0.00 19.82 0.00 0.00 0.00 0.00
0 20498122.982 4439202.595 0.00 19.85 0.00 0.00 0.00 0.00
0 20498123.001 4439202.648 0.00 19.86 0.00 0.00 0.00 0.00
0 20498123.021 4439202.700 0.00 19.88 0.00 0.00 0.00 0.00
0 20498123.040 4439202.753 0.00 19.89 0.00 0.00 0.00 0.00
0 20498123.061 4439202.807 0.00 19.92 0.00 0.00 0.00 0.00
0 20498123.080 4439202.859 0.00 19.94 0.00 0.00 0.00 0.00
0 20498123.100 4439202.912 0.00 19.96 0.00 0.00 0.00 0.00
0 20498123.120 4439202.965 0.00 19.97 0.00 0.00 0.00 0.00
0 20498123.139 4439203.019 0.00 19.98 0.00 0.00 0.00 0.00
0 20498123.160 4439203.071 0.00 20.01 0.00 0.00 0.00 0.00
0 20498123.179 4439203.124 0.00 20.02 0.00 0.00 0.00 0.00
0 20498123.199 4439203.176 0.00 20.04 0.00 0.00 0.00 0.00
0 20498123.219 4439203.230 0.00 20.05 0.00 0.00 0.00 0.00
0 20498123.238 4439203.282 0.00 20.07 0.00 0.00 0.00 0.00
0 20498123.258 4439203.335 0.00 20.10 0.00 0.00 0.00 0.00
0 20498123.278 4439203.387 0.00 20.12 0.00 0.00 0.00 0.00
0 20498123.297 4439203.438 0.00 20.13 0.00 0.00 0.00 0.00
0 20498123.317 4439203.491 0.00 20.14 0.00 0.00 0.00 0.00
0 20498123.336 4439203.542 0.00 20.16 0.00 0.00 0.00 0.00
0 20498123.356 4439203.593 0.00 20.18 0.00 0.00 0.00 0.00
0 20498123.376 4439203.645 0.00 20.21 0.00 0.00 0.00 0.00
0 20498123.395 4439203.696 0.00 20.23 0.00 0.00 0.00 0.00
0 20498123.414 4439203.746 0.00 20.26 0.00 0.00 0.00 0.00
0 20498123.433 4439203.796 0.00 20.28 0.00 0.00 0.00 0.00
0 20498123.452 4439203.846 0.00 20.30 0.00 0.00 0.00 0.00
0 20498123.471 4439203.896 0.00 20.32 0.00 0.00 0.00 0.00
0 20498123.490 4439203.945 0.00 20.35 0.00 0.00 0.00 0.00
0 20498123.509 4439203.994 0.00 20.38 0.00 0.00 0.00 0.00
0 20498123.528 4439204.042 0.00 20.42 0.00 0.00 0.00 0.00
0 20498123.546 4439204.090 0.00 20.45 0.00 0.00 0.00 0.00
0 20498123.564 4439204.138 0.00 20.49 0.00 0.00 0.00 0.00
0 20498123.582 4439204.186 0.00 20.52 0.00 0.00 0.00 0.00
0 20498123.601 4439204.232 0.00 20.56 0.00 0.00 0.00 0.00
0 20498123.624 4439204.290 0.00 20.60 0.00 0.00 0.00 0.00
0 20498123.646 4439204.348 0.00 20.65 0.00 0.00 0.00 0.00
0 20498123.668 4439204.405 0.00 20.71 0.00 0.00 0.00 0.00
0 20498123.691 4439204.462 0.00 20.77 0.00 0.00 0.00 0.00
0 20498123.713 4439204.519 0.00 20.83 0.00 0.00 0.00 0.00
0 20498123.735 4439204.574 0.00 20.89 0.00 0.00 0.00 0.00
0 20498123.757 4439204.630 0.00 20.95 0.00 0.00 0.00 0.00
0 20498123.779 4439204.685 0.00 21.02 0.00 0.00 0.00 0.00
0 20498123.801 4439204.741 0.00 21.09 0.00 0.00 0.00 0.00
0 20498123.823 4439204.795 0.00 21.16 0.00 0.00 0.00 0.00
0 20498123.845 4439204.851 0.00 21.23 0.00 0.00 0.00 0.00
0 20498123.868 4439204.905 0.00 21.31 0.00 0.00 0.00 0.00
0 20498123.890 4439204.961 0.00 21.38 0.00 0.00 0.00 0.00
0 20498123.913 4439205.016 0.00 21.45 0.00 0.00 0.00 0.00
0 20498123.935 4439205.070 0.00 21.52 0.00 0.00 0.00 0.00
0 20498123.958 4439205.126 0.00 21.59 0.00 0.00 0.00 0.00
0 20498123.980 4439205.180 0.00 21.66 0.00 0.00 0.00 0.00
0 20498124.003 4439205.236 0.00 21.73 0.00 0.00 0.00 0.00
0 20498124.026 4439205.290 0.00 21.81 0.00 0.00 0.00 0.00
0 20498124.048 4439205.346 0.00 21.88 0.00 0.00 0.00 0.00
0 20498124.071 4439205.400 0.00 21.96 0.00 0.00 0.00 0.00
0 20498124.095 4439205.456 0.00 22.04 0.00 0.00 0.00 0.00
0 20498124.118 4439205.510 0.00 22.11 0.00 0.00 0.00 0.00
0 20498124.141 4439205.565 0.00 22.20 0.00 0.00 0.00 0.00
0 20498124.164 4439205.620 0.00 22.28 0.00 0.00 0.00 0.00
0 20498124.188 4439205.674 0.00 22.36 0.00 0.00 0.00 0.00
0 20498124.211 4439205.729 0.00 22.44 0.00 0.00 0.00 0.00
0 20498124.234 4439205.782 0.00 22.52 0.00 0.00 0.00 0.00
0 20498124.257 4439205.837 0.00 22.60 0.00 0.00 0.00 0.00
0 20498124.280 4439205.890 0.00 22.69 0.00 0.00 0.00 0.00
0 20498124.303 4439205.942 0.00 22.77 0.00 0.00 0.00 0.00
0 20498124.326 4439205.994 0.00 22.86 0.00 0.00 0.00 0.00
0 20498124.348 4439206.046 0.00 22.94 0.00 0.00 0.00 0.00
0 20498124.370 4439206.096 0.00 23.02 0.00 0.00 0.00 0.00
0 20498124.392 4439206.146 0.00 23.10 0.00 0.00 0.00 0.00
0 20498124.414 4439206.196 0.00 23.19 0.00 0.00 0.00 0.00
0 20498124.436 4439206.244 0.00 23.28 0.00 0.00 0.00 0.00
0 20498124.457 4439206.293 0.00 23.37 0.00 0.00 0.00 0.00
0 20498124.477 4439206.340 0.00 23.47 0.00 0.00 0.00 0.00
0 20498124.499 4439206.386 0.00 23.57 0.00 0.00 0.00 0.00
0 20498124.524 4439206.441 0.00 23.70 0.00 0.00 0.00 0.00
0 20498124.547 4439206.493 0.00 23.85 0.00 0.00 0.00 0.00
0 20498124.571 4439206.545 0.00 24.00 0.00 0.00 0.00 0.00
0 20498124.594 4439206.595 0.00 24.18 0.00 0.00 0.00 0.00
0 20498124.617 4439206.645 0.00 24.36 0.00 0.00 0.00 0.00
0 20498124.640 4439206.693 0.00 24.55 0.00 0.00 0.00 0.00
0 20498124.662 4439206.739 0.00 24.74 0.00 0.00 0.00 0.00
0 20498124.683 4439206.785 0.00 24.94 0.00 0.00 0.00 0.00
0 20498124.707 4439206.836 0.00 25.17 0.00 0.00 0.00 0.00
0 20498124.732 4439206.886 0.00 25.41 0.00 0.00 0.00 0.00
0 20498124.756 4439206.936 0.00 25.67 0.00 0.00 0.00 0.00
0 20498124.780 4439206.986 0.00 25.92 0.00 0.00 0.00 0.00
0 20498124.804 4439207.037 0.00 26.19 0.00 0.00 0.00 0.00
0 20498124.830 4439207.087 0.00 26.46 0.00 0.00 0.00 0.00
0 20498124.855 4439207.138 0.00 26.75 0.00 0.00 0.00 0.00
0 20498124.882 4439207.189 0.00 27.04 0.00 0.00 0.00 0.00
0 20498124.905 4439207.233 0.00 27.29 0.00 0.00 0.00 0.00
0 20498124.928 4439207.278 0.00 27.55 0.00 0.00 0.00 0.00
0 20498124.952 4439207.322 0.00 27.82 0.00 0.00 0.00 0.00
0 20498124.976 4439207.367 0.00 28.10 0.00 0.00 0.00 0.00
0 20498125.000 4439207.412 0.00 28.39 0.00 0.00 0.00 0.00
0 20498125.024 4439207.456 0.00 28.69 0.00 0.00 0.00 0.00
0 20498125.048 4439207.502 0.00 28.99 0.00 0.00 0.00 0.00
0 20498125.074 4439207.546 0.00 29.30 0.00 0.00 0.00 0.00
0 20498125.099 4439207.592 0.00 29.62 0.00 0.00 0.00 0.00
0 20498125.124 4439207.636 0.00 29.95 0.00 0.00 0.00 0.00
0 20498125.150 4439207.682 0.00 30.28 0.00 0.00 0.00 0.00
0 20498125.176 4439207.726 0.00 30.61 0.00 0.00 0.00 0.00
0 20498125.203 4439207.770 0.00 30.95 0.00 0.00 0.00 0.00
0 20498125.228 4439207.814 0.00 31.29 0.00 0.00 0.00 0.00
0 20498125.259 4439207.864 0.00 31.68 0.00 0.00 0.00 0.00
0 20498125.290 4439207.913 0.00 32.06 0.00 0.00 0.00 0.00
0 20498125.321 4439207.962 0.00 32.45 0.00 0.00 0.00 0.00
0 20498125.351 4439208.010 0.00 32.85 0.00 0.00 0.00 0.00
0 20498125.382 4439208.057 0.00 33.26 0.00 0.00 0.00 0.00
0 20498125.413 4439208.104 0.00 33.65 0.00 0.00 0.00 0.00
0 20498125.443 4439208.149 0.00 34.06 0.00 0.00 0.00 0.00
0 20498125.474 4439208.195 0.00 34.45 0.00 0.00 0.00 0.00
0 20498125.505 4439208.239 0.00 34.84 0.00 0.00 0.00 0.00
0 20498125.535 4439208.282 0.00 35.22 0.00 0.00 0.00 0.00
0 20498125.566 4439208.327 0.00 35.61 0.00 0.00 0.00 0.00
0 20498125.597 4439208.370 0.00 36.00 0.00 0.00 0.00 0.00
0 20498125.629 4439208.412 0.00 36.38 0.00 0.00 0.00 0.00
0 20498125.660 4439208.456 0.00 36.76 0.00 0.00 0.00 0.00
0 20498125.692 4439208.498 0.00 37.14 0.00 0.00 0.00 0.00
0 20498125.724 4439208.540 0.00 37.52 0.00 0.00 0.00 0.00
0 20498125.756 4439208.582 0.00 37.89 0.00 0.00 0.00 0.00
0 20498125.789 4439208.624 0.00 38.27 0.00 0.00 0.00 0.00
0 20498125.822 4439208.665 0.00 38.65 0.00 0.00 0.00 0.00
0 20498125.855 4439208.705 0.00 39.01 0.00 0.00 0.00 0.00
0 20498125.887 4439208.745 0.00 39.38 0.00 0.00 0.00 0.00
0 20498125.919 4439208.784 0.00 39.75 0.00 0.00 0.00 0.00
0 20498125.955 4439208.828 0.00 40.17 0.00 0.00 0.00 0.00
0 20498125.991 4439208.869 0.00 40.56 0.00 0.00 0.00 0.00
0 20498126.025 4439208.907 0.00 40.96 0.00 0.00 0.00 0.00
0 20498126.058 4439208.946 0.00 41.36 0.00 0.00 0.00 0.00
0 20498126.095 4439208.987 0.00 41.78 0.00 0.00 0.00 0.00
0 20498126.130 4439209.026 0.00 42.17 0.00 0.00 0.00 0.00
0 20498126.165 4439209.064 0.00 42.55 0.00 0.00 0.00 0.00
0 20498126.203 4439209.104 0.00 42.94 0.00 0.00 0.00 0.00
0 20498126.239 4439209.143 0.00 43.30 0.00 0.00 0.00 0.00
0 20498126.275 4439209.181 0.00 43.67 0.00 0.00 0.00 0.00
0 20498126.311 4439209.217 0.00 44.03 0.00 0.00 0.00 0.00
0 20498126.349 4439209.255 0.00 44.39 0.00 0.00 0.00 0.00
0 20498126.387 4439209.294 0.00 44.77 0.00 0.00 0.00 0.00
0 20498126.423 4439209.329 0.00 45.11 0.00 0.00 0.00 0.00
0 20498126.459 4439209.365 0.00 45.46 0.00 0.00 0.00 0.00
0 20498126.499 4439209.403 0.00 45.83 0.00 0.00 0.00 0.00
0 20498126.538 4439209.440 0.00 46.21 0.00 0.00 0.00 0.00
0 20498126.579 4439209.478 0.00 46.62 0.00 0.00 0.00 0.00
0 20498126.616 4439209.512 0.00 47.00 0.00 0.00 0.00 0.00
0 20498126.653 4439209.547 0.00 47.40 0.00 0.00 0.00 0.00
0 20498126.692 4439209.581 0.00 47.81 0.00 0.00 0.00 0.00
0 20498126.732 4439209.617 0.00 48.25 0.00 0.00 0.00 0.00
0 20498126.771 4439209.651 0.00 48.70 0.00 0.00 0.00 0.00
0 20498126.811 4439209.687 0.00 49.17 0.00 0.00 0.00 0.00
0 20498126.852 4439209.721 0.00 49.65 0.00 0.00 0.00 0.00
0 20498126.893 4439209.756 0.00 50.13 0.00 0.00 0.00 0.00
0 20498126.934 4439209.789 0.00 50.63 0.00 0.00 0.00 0.00
0 20498126.975 4439209.822 0.00 51.14 0.00 0.00 0.00 0.00
0 20498127.017 4439209.854 0.00 51.65 0.00 0.00 0.00 0.00
0 20498127.057 4439209.887 0.00 52.17 0.00 0.00 0.00 0.00
0 20498127.098 4439209.918 0.00 52.70 0.00 0.00 0.00 0.00
0 20498127.139 4439209.949 0.00 53.24 0.00 0.00 0.00 0.00
0 20498127.180 4439209.978 0.00 53.79 0.00 0.00 0.00 0.00
0 20498127.220 4439210.008 0.00 54.33 0.00 0.00 0.00 0.00
0 20498127.266 4439210.039 0.00 54.94 0.00 0.00 0.00 0.00
0 20498127.311 4439210.071 0.00 55.55 0.00 0.00 0.00 0.00
0 20498127.356 4439210.101 0.00 56.16 0.00 0.00 0.00 0.00
0 20498127.401 4439210.130 0.00 56.78 0.00 0.00 0.00 0.00
0 20498127.446 4439210.159 0.00 57.40 0.00 0.00 0.00 0.00
0 20498127.491 4439210.186 0.00 58.02 0.00 0.00 0.00 0.00
0 20498127.535 4439210.214 0.00 58.62 0.00 0.00 0.00 0.00
0 20498127.579 4439210.240 0.00 59.23 0.00 0.00 0.00 0.00
0 20498127.624 4439210.265 0.00 59.84 0.00 0.00 0.00 0.00
0 20498127.667 4439210.291 0.00 60.45 0.00 0.00 0.00 0.00
0 20498127.712 4439210.314 0.00 61.05 0.00 0.00 0.00 0.00
0 20498127.757 4439210.338 0.00 61.66 0.00 0.00 0.00 0.00
0 20498127.802 4439210.362 0.00 62.28 0.00 0.00 0.00 0.00
0 20498127.849 4439210.385 0.00 62.90 0.00 0.00 0.00 0.00
0 20498127.897 4439210.408 0.00 63.53 0.00 0.00 0.00 0.00
0 20498127.945 4439210.432 0.00 64.18 0.00 0.00 0.00 0.00
0 20498127.994 4439210.454 0.00 64.83 0.00 0.00 0.00 0.00
0 20498128.045 4439210.477 0.00 65.48 0.00 0.00 0.00 0.00
0 20498128.096 4439210.499 0.00 66.16 0.00 0.00 0.00 0.00
0 20498128.148 4439210.520 0.00 66.84 0.00 0.00 0.00 0.00
0 20498128.195 4439210.540 0.00 67.45 0.00 0.00 0.00 0.00
0 20498128.244 4439210.559 0.00 68.06 0.00 0.00 0.00 0.00
0 20498128.292 4439210.578 0.00 68.67 0.00 0.00 0.00 0.00
0 20498128.340 4439210.596 0.00 69.30 0.00 0.00 0.00 0.00
0 20498128.390 4439210.614 0.00 69.93 0.00 0.00 0.00 0.00
0 20498128.439 4439210.630 0.00 70.56 0.00 0.00 0.00 0.00
0 20498128.489 4439210.647 0.00 71.19 0.00 0.00 0.00 0.00
0 20498128.539 4439210.663 0.00 71.83 0.00 0.00 0.00 0.00
0 20498128.589 4439210.679 0.00 72.47 0.00 0.00 0.00 0.00
0 20498128.641 4439210.693 0.00 73.09 0.00 0.00 0.00 0.00
0 20498128.691 4439210.708 0.00 73.73 0.00 0.00 0.00 0.00
0 20498128.742 4439210.722 0.00 74.37 0.00 0.00 0.00 0.00
0 20498128.792 4439210.736 0.00 75.01 0.00 0.00 0.00 0.00
0 20498128.844 4439210.748 0.00 75.64 0.00 0.00 0.00 0.00
0 20498128.894 4439210.760 0.00 76.26 0.00 0.00 0.00 0.00
0 20498128.944 4439210.772 0.00 76.87 0.00 0.00 0.00 0.00
0 20498128.994 4439210.783 0.00 77.47 0.00 0.00 0.00 0.00
0 20498129.048 4439210.794 0.00 78.13 0.00 0.00 0.00 0.00
0 20498129.103 4439210.805 0.00 78.80 0.00 0.00 0.00 0.00
0 20498129.157 4439210.814 0.00 79.45 0.00 0.00 0.00 0.00
0 20498129.212 4439210.824 0.00 80.09 0.00 0.00 0.00 0.00
0 20498129.267 4439210.833 0.00 80.75 0.00 0.00 0.00 0.00
0 20498129.321 4439210.841 0.00 81.39 0.00 0.00 0.00 0.00
0 20498129.376 4439210.848 0.00 82.03 0.00 0.00 0.00 0.00
0 20498129.430 4439210.854 0.00 82.69 0.00 0.00 0.00 0.00
0 20498129.487 4439210.861 0.00 83.35 0.00 0.00 0.00 0.00
0 20498129.543 4439210.866 0.00 84.00 0.00 0.00 0.00 0.00
0 20498129.593 4439210.871 0.00 84.57 0.00 0.00 0.00 0.00
0 20498129.644 4439210.875 0.00 85.18 0.00 0.00 0.00 0.00
0 20498129.695 4439210.879 0.00 85.80 0.00 0.00 0.00 0.00
0 20498129.746 4439210.882 0.00 86.40 0.00 0.00 0.00 0.00
0 20498129.798 4439210.884 0.00 87.00 0.00 0.00 0.00 0.00
0 20498129.851 4439210.886 0.00 87.61 0.00 0.00 0.00 0.00
0 20498129.904 4439210.889 0.00 88.22 0.00 0.00 0.00 0.00
0 20498129.957 4439210.890 0.00 88.82 0.00 0.00 0.00 0.00
0 20498130.010 4439210.890 0.00 89.40 0.00 0.00 0.00 0.00
0 20498130.064 4439210.890 0.00 89.98 0.00 0.00 0.00 0.00
0 20498130.118 4439210.888 0.00 90.55 0.00 0.00 0.00 0.00
0 20498130.172 4439210.887 0.00 91.10 0.00 0.00 0.00 0.00
0 20498130.225 4439210.885 0.00 91.65 0.00 0.00 0.00 0.00
0 20498130.278 4439210.884 0.00 92.21 0.00 0.00 0.00 0.00
0 20498130.331 4439210.882 0.00 92.76 0.00 0.00 0.00 0.00
0 20498130.385 4439210.878 0.00 93.31 0.00 0.00 0.00 0.00
0 20498130.438 4439210.874 0.00 93.85 0.00 0.00 0.00 0.00
0 20498130.490 4439210.871 0.00 94.39 0.00 0.00 0.00 0.00
0 20498130.543 4439210.866 0.00 94.93 0.00 0.00 0.00 0.00
0 20498130.595 4439210.861 0.00 95.47 0.00 0.00 0.00 0.00
0 20498130.647 4439210.855 0.00 95.99 0.00 0.00 0.00 0.00
0 20498130.699 4439210.849 0.00 96.50 0.00 0.00 0.00 0.00
0 20498130.752 4439210.843 0.00 97.01 0.00 0.00 0.00 0.00
0 20498130.805 4439210.835 0.00 97.51 0.00 0.00 0.00 0.00
0 20498130.857 4439210.828 0.00 98.00 0.00 0.00 0.00 0.00
0 20498130.910 4439210.819 0.00 98.48 0.00 0.00 0.00 0.00
0 20498130.962 4439210.812 0.00 98.97 0.00 0.00 0.00 0.00
0 20498131.015 4439210.803 0.00 99.46 0.00 0.00 0.00 0.00
0 20498131.068 4439210.793 0.00 99.94 0.00 0.00 0.00 0.00
0 20498131.121 4439210.783 0.00 100.41 0.00 0.00 0.00 0.00
0 20498131.174 4439210.773 0.00 100.88 0.00 0.00 0.00 0.00
0 20498131.227 4439210.762 0.00 101.33 0.00 0.00 0.00 0.00
0 20498131.279 4439210.751 0.00 101.75 0.00 0.00 0.00 0.00
0 20498131.333 4439210.738 0.00 102.13 0.00 0.00 0.00 0.00
0 20498131.386 4439210.726 0.00 102.49 0.00 0.00 0.00 0.00
0 20498131.440 4439210.714 0.00 102.81 0.00 0.00 0.00 0.00
0 20498131.493 4439210.700 0.00 103.12 0.00 0.00 0.00 0.00
0 20498131.548 4439210.687 0.00 103.40 0.00 0.00 0.00 0.00
0 20498131.603 4439210.674 0.00 103.67 0.00 0.00 0.00 0.00
0 20498131.656 4439210.659 0.00 103.91 0.00 0.00 0.00 0.00
0 20498131.710 4439210.645 0.00 104.13 0.00 0.00 0.00 0.00
0 20498131.765 4439210.630 0.00 104.33 0.00 0.00 0.00 0.00
0 20498131.818 4439210.616 0.00 104.54 0.00 0.00 0.00 0.00
0 20498131.872 4439210.602 0.00 104.73 0.00 0.00 0.00 0.00
0 20498131.926 4439210.587 0.00 104.92 0.00 0.00 0.00 0.00
0 20498131.979 4439210.572 0.00 105.08 0.00 0.00 0.00 0.00
0 20498132.031 4439210.556 0.00 105.25 0.00 0.00 0.00 0.00
0 20498132.083 4439210.540 0.00 105.42 0.00 0.00 0.00 0.00
0 20498132.134 4439210.525 0.00 105.58 0.00 0.00 0.00 0.00
0 20498132.185 4439210.510 0.00 105.73 0.00 0.00 0.00 0.00
0 20498132.236 4439210.495 0.00 105.90 0.00 0.00 0.00 0.00
0 20498132.287 4439210.479 0.00 106.06 0.00 0.00 0.00 0.00
0 20498132.339 4439210.464 0.00 106.22 0.00 0.00 0.00 0.00
0 20498132.393 4439210.447 0.00 106.38 0.00 0.00 0.00 0.00
0 20498132.447 4439210.430 0.00 106.55 0.00 0.00 0.00 0.00
0 20498132.496 4439210.416 0.00 106.70 0.00 0.00 0.00 0.00
0 20498132.546 4439210.400 0.00 106.84 0.00 0.00 0.00 0.00
0 20498132.596 4439210.384 0.00 106.96 0.00 0.00 0.00 0.00
0 20498132.649 4439210.367 0.00 107.08 0.00 0.00 0.00 0.00
0 20498132.703 4439210.350 0.00 107.20 0.00 0.00 0.00 0.00
0 20498132.757 4439210.333 0.00 107.32 0.00 0.00 0.00 0.00
0 20498132.805 4439210.317 0.00 107.41 0.00 0.00 0.00 0.00
0 20498132.855 4439210.302 0.00 107.50 0.00 0.00 0.00 0.00
0 20498132.904 4439210.286 0.00 107.58 0.00 0.00 0.00 0.00
0 20498132.955 4439210.269 0.00 107.67 0.00 0.00 0.00 0.00
0 20498133.007 4439210.253 0.00 107.74 0.00 0.00 0.00 0.00
0 20498133.060 4439210.236 0.00 107.82 0.00 0.00 0.00 0.00
0 20498133.113 4439210.219 0.00 107.90 0.00 0.00 0.00 0.00
0 20498133.168 4439210.202 0.00 107.96 0.00 0.00 0.00 0.00
0 20498133.223 4439210.184 0.00 108.03 0.00 0.00 0.00 0.00
0 20498133.279 4439210.165 0.00 108.10 0.00 0.00 0.00 0.00
0 20498133.336 4439210.147 0.00 108.16 0.00 0.00 0.00 0.00
0 20498133.384 4439210.130 0.00 108.21 0.00 0.00 0.00 0.00
0 20498133.432 4439210.115 0.00 108.24 0.00 0.00 0.00 0.00
0 20498133.481 4439210.098 0.00 108.28 0.00 0.00 0.00 0.00
0 20498133.531 4439210.081 0.00 108.31 0.00 0.00 0.00 0.00
0 20498133.581 4439210.066 0.00 108.35 0.00 0.00 0.00 0.00
0 20498133.631 4439210.048 0.00 108.39 0.00 0.00 0.00 0.00
0 20498133.683 4439210.031 0.00 108.42 0.00 0.00 0.00 0.00
0 20498133.734 4439210.014 0.00 108.44 0.00 0.00 0.00 0.00
0 20498133.786 4439209.997 0.00 108.45 0.00 0.00 0.00 0.00
0 20498133.838 4439209.979 0.00 108.47 0.00 0.00 0.00 0.00
0 20498133.892 4439209.961 0.00 108.48 0.00 0.00 0.00 0.00
0 20498133.945 4439209.944 0.00 108.48 0.00 0.00 0.00 0.00
0 20498133.999 4439209.926 0.00 108.47 0.00 0.00 0.00 0.00
0 20498134.053 4439209.908 0.00 108.47 0.00 0.00 0.00 0.00
0 20498134.107 4439209.890 0.00 108.45 0.00 0.00 0.00 0.00
0 20498134.163 4439209.871 0.00 108.43 0.00 0.00 0.00 0.00
0 20498134.218 4439209.854 0.00 108.41 0.00 0.00 0.00 0.00
0 20498134.274 4439209.835 0.00 108.39 0.00 0.00 0.00 0.00
0 20498134.330 4439209.817 0.00 108.36 0.00 0.00 0.00 0.00
0 20498134.386 4439209.798 0.00 108.32 0.00 0.00 0.00 0.00
0 20498134.442 4439209.779 0.00 108.28 0.00 0.00 0.00 0.00
0 20498134.499 4439209.760 0.00 108.24 0.00 0.00 0.00 0.00
0 20498134.556 4439209.741 0.00 108.19 0.00 0.00 0.00 0.00
0 20498134.613 4439209.723 0.00 108.14 0.00 0.00 0.00 0.00
0 20498134.671 4439209.704 0.00 108.09 0.00 0.00 0.00 0.00
0 20498134.729 4439209.685 0.00 108.02 0.00 0.00 0.00 0.00
0 20498134.788 4439209.666 0.00 107.95 0.00 0.00 0.00 0.00
0 20498134.846 4439209.647 0.00 107.87 0.00 0.00 0.00 0.00
0 20498134.905 4439209.628 0.00 107.80 0.00 0.00 0.00 0.00
0 20498134.952 4439209.613 0.00 107.75 0.00 0.00 0.00 0.00
0 20498135.011 4439209.594 0.00 107.70 0.00 0.00 0.00 0.00
0 20498135.071 4439209.575 0.00 107.63 0.00 0.00 0.00 0.00
0 20498135.130 4439209.556 0.00 107.57 0.00 0.00 0.00 0.00
0 20498135.178 4439209.540 0.00 107.51 0.00 0.00 0.00 0.00
0 20498135.226 4439209.525 0.00 107.46 0.00 0.00 0.00 0.00
0 20498135.274 4439209.509 0.00 107.40 0.00 0.00 0.00 0.00
0 20498135.323 4439209.494 0.00 107.35 0.00 0.00 0.00 0.00
0 20498135.371 4439209.479 0.00 107.29 0.00 0.00 0.00 0.00
0 20498135.420 4439209.464 0.00 107.24 0.00 0.00 0.00 0.00
0 20498135.468 4439209.449 0.00 107.18 0.00 0.00 0.00 0.00
0 20498135.517 4439209.434 0.00 107.12 0.00 0.00 0.00 0.00
0 20498135.566 4439209.419 0.00 107.07 0.00 0.00 0.00 0.00
0 20498135.615 4439209.404 0.00 107.01 0.00 0.00 0.00 0.00
0 20498135.664 4439209.389 0.00 106.96 0.00 0.00 0.00 0.00
0 20498135.712 4439209.374 0.00 106.91 0.00 0.00 0.00 0.00
0 20498135.762 4439209.359 0.00 106.86 0.00 0.00 0.00 0.00
0 20498135.811 4439209.344 0.00 106.81 0.00 0.00 0.00 0.00
0 20498135.860 4439209.329 0.00 106.75 0.00 0.00 0.00 0.00
0 20498135.909 4439209.314 0.00 106.69 0.00 0.00 0.00 0.00
0 20498135.959 4439209.299 0.00 106.64 0.00 0.00 0.00 0.00
0 20498136.007 4439209.285 0.00 106.58 0.00 0.00 0.00 0.00
0 20498136.057 4439209.269 0.00 106.52 0.00 0.00 0.00 0.00
0 20498136.105 4439209.255 0.00 106.47 0.00 0.00 0.00 0.00
0 20498136.155 4439209.240 0.00 106.41 0.00 0.00 0.00 0.00
0 20498136.204 4439209.226 0.00 106.35 0.00 0.00 0.00 0.00
0 20498136.254 4439209.210 0.00 106.29 0.00 0.00 0.00 0.00
0 20498136.303 4439209.196 0.00 106.23 0.00 0.00 0.00 0.00
0 20498136.353 4439209.181 0.00 106.16 0.00 0.00 0.00 0.00
0 20498136.402 4439209.167 0.00 106.08 0.00 0.00 0.00 0.00
0 20498136.452 4439209.152 0.00 106.00 0.00 0.00 0.00 0.00
0 20498136.501 4439209.137 0.00 105.91 0.00 0.00 0.00 0.00
0 20498136.551 4439209.122 0.00 105.83 0.00 0.00 0.00 0.00
0 20498136.600 4439209.108 0.00 105.75 0.00 0.00 0.00 0.00
0 20498136.650 4439209.094 0.00 105.66 0.00 0.00 0.00 0.00
0 20498136.700 4439209.079 0.00 105.58 0.00 0.00 0.00 0.00
0 20498136.749 4439209.065 0.00 105.48 0.00 0.00 0.00 0.00
0 20498136.799 4439209.050 0.00 105.38 0.00 0.00 0.00 0.00
0 20498136.848 4439209.037 0.00 105.29 0.00 0.00 0.00 0.00
0 20498136.899 4439209.022 0.00 105.21 0.00 0.00 0.00 0.00
0 20498136.948 4439209.009 0.00 105.12 0.00 0.00 0.00 0.00
0 20498136.998 4439208.996 0.00 105.04 0.00 0.00 0.00 0.00
0 20498137.048 4439208.982 0.00 104.95 0.00 0.00 0.00 0.00
0 20498137.097 4439208.969 0.00 104.86 0.00 0.00 0.00 0.00
0 20498137.148 4439208.956 0.00 104.78 0.00 0.00 0.00 0.00
0 20498137.197 4439208.941 0.00 104.69 0.00 0.00 0.00 0.00
0 20498137.247 4439208.928 0.00 104.61 0.00 0.00 0.00 0.00
0 20498137.297 4439208.915 0.00 104.52 0.00 0.00 0.00 0.00
0 20498137.347 4439208.901 0.00 104.44 0.00 0.00 0.00 0.00
0 20498137.397 4439208.888 0.00 104.37 0.00 0.00 0.00 0.00
0 20498137.448 4439208.875 0.00 104.30 0.00 0.00 0.00 0.00
0 20498137.498 4439208.861 0.00 104.23 0.00 0.00 0.00 0.00
0 20498137.548 4439208.849 0.00 104.17 0.00 0.00 0.00 0.00
0 20498137.599 4439208.836 0.00 104.10 0.00 0.00 0.00 0.00
0 20498137.650 4439208.824 0.00 104.04 0.00 0.00 0.00 0.00
0 20498137.700 4439208.810 0.00 103.97 0.00 0.00 0.00 0.00
0 20498137.751 4439208.798 0.00 103.91 0.00 0.00 0.00 0.00
0 20498137.802 4439208.785 0.00 103.85 0.00 0.00 0.00 0.00
0 20498137.853 4439208.771 0.00 103.78 0.00 0.00 0.00 0.00
0 20498137.904 4439208.759 0.00 103.73 0.00 0.00 0.00 0.00
0 20498137.954 4439208.746 0.00 103.68 0.00 0.00 0.00 0.00
0 20498138.006 4439208.734 0.00 103.63 0.00 0.00 0.00 0.00
0 20498138.057 4439208.720 0.00 103.58 0.00 0.00 0.00 0.00
0 20498138.108 4439208.708 0.00 103.54 0.00 0.00 0.00 0.00
0 20498138.159 4439208.695 0.00 103.49 0.00 0.00 0.00 0.00
0 20498138.210 4439208.682 0.00 103.45 0.00 0.00 0.00 0.00
0 20498138.261 4439208.670 0.00 103.41 0.00 0.00 0.00 0.00
0 20498138.313 4439208.658 0.00 103.38 0.00 0.00 0.00 0.00
0 20498138.365 4439208.645 0.00 103.34 0.00 0.00 0.00 0.00
0 20498138.416 4439208.632 0.00 103.31 0.00 0.00 0.00 0.00
0 20498138.468 4439208.620 0.00 103.29 0.00 0.00 0.00 0.00
0 20498138.519 4439208.608 0.00 103.26 0.00 0.00 0.00 0.00
0 20498138.571 4439208.596 0.00 103.24 0.00 0.00 0.00 0.00
0 20498138.622 4439208.582 0.00 103.22 0.00 0.00 0.00 0.00
0 20498138.674 4439208.570 0.00 103.20 0.00 0.00 0.00 0.00
0 20498138.725 4439208.558 0.00 103.19 0.00 0.00 0.00 0.00
0 20498138.777 4439208.546 0.00 103.18 0.00 0.00 0.00 0.00
0 20498138.829 4439208.533 0.00 103.17 0.00 0.00 0.00 0.00
0 20498138.881 4439208.521 0.00 103.16 0.00 0.00 0.00 0.00
0 20498138.932 4439208.509 0.00 103.15 0.00 0.00 0.00 0.00
0 20498138.984 4439208.497 0.00 103.14 0.00 0.00 0.00 0.00
0 20498139.036 4439208.483 0.00 103.13 0.00 0.00 0.00 0.00
0 20498139.087 4439208.471 0.00 103.12 0.00 0.00 0.00 0.00
0 20498139.139 4439208.459 0.00 103.12 0.00 0.00 0.00 0.00
0 20498139.191 4439208.447 0.00 103.10 0.00 0.00 0.00 0.00
0 20498139.243 4439208.435 0.00 103.09 0.00 0.00 0.00 0.00
0 20498139.296 4439208.422 0.00 103.08 0.00 0.00 0.00 0.00
0 20498139.348 4439208.409 0.00 103.07 0.00 0.00 0.00 0.00
0 20498139.401 4439208.397 0.00 103.06 0.00 0.00 0.00 0.00
0 20498139.454 4439208.384 0.00 103.06 0.00 0.00 0.00 0.00
0 20498139.506 4439208.372 0.00 103.06 0.00 0.00 0.00 0.00
0 20498139.559 4439208.360 0.00 103.05 0.00 0.00 0.00 0.00
0 20498139.613 4439208.347 0.00 103.04 0.00 0.00 0.00 0.00
0 20498139.667 4439208.333 0.00 103.03 0.00 0.00 0.00 0.00
0 20498139.721 4439208.321 0.00 103.01 0.00 0.00 0.00 0.00
0 20498139.776 4439208.308 0.00 103.01 0.00 0.00 0.00 0.00
0 20498139.831 4439208.296 0.00 103.01 0.00 0.00 0.00 0.00
0 20498139.887 4439208.282 0.00 103.00 0.00 0.00 0.00 0.00
0 20498139.943 4439208.269 0.00 103.00 0.00 0.00 0.00 0.00
0 20498139.999 4439208.256 0.00 102.99 0.00 0.00 0.00 0.00
0 20498140.056 4439208.242 0.00 102.98 0.00 0.00 0.00 0.00
0 20498140.113 4439208.229 0.00 102.97 0.00 0.00 0.00 0.00
0 20498140.171 4439208.216 0.00 102.96 0.00 0.00 0.00 0.00
0 20498140.229 4439208.202 0.00 102.95 0.00 0.00 0.00 0.00
0 20498140.287 4439208.188 0.00 102.95 0.00 0.00 0.00 0.00
0 20498140.346 4439208.173 0.00 102.94 0.00 0.00 0.00 0.00
0 20498140.405 4439208.160 0.00 102.93 0.00 0.00 0.00 0.00
0 20498140.464 4439208.146 0.00 102.92 0.00 0.00 0.00 0.00
0 20498140.525 4439208.132 0.00 102.92 0.00 0.00 0.00 0.00
0 20498140.584 4439208.118 0.00 102.91 0.00 0.00 0.00 0.00
0 20498140.646 4439208.103 0.00 102.91 0.00 0.00 0.00 0.00
0 20498140.706 4439208.090 0.00 102.90 0.00 0.00 0.00 0.00
0 20498140.768 4439208.075 0.00 102.89 0.00 0.00 0.00 0.00
0 20498140.829 4439208.061 0.00 102.88 0.00 0.00 0.00 0.00
0 20498140.891 4439208.045 0.00 102.88 0.00 0.00 0.00 0.00
0 20498140.953 4439208.031 0.00 102.88 0.00 0.00 0.00 0.00
0 20498141.015 4439208.018 0.00 102.88 0.00 0.00 0.00 0.00
0 20498141.078 4439208.003 0.00 102.88 0.00 0.00 0.00 0.00
0 20498141.141 4439207.988 0.00 102.87 0.00 0.00 0.00 0.00
0 20498141.204 4439207.973 0.00 102.87 0.00 0.00 0.00 0.00
0 20498141.267 4439207.959 0.00 102.86 0.00 0.00 0.00 0.00
0 20498141.330 4439207.944 0.00 102.85 0.00 0.00 0.00 0.00
0 20498141.393 4439207.929 0.00 102.84 0.00 0.00 0.00 0.00
0 20498141.457 4439207.914 0.00 102.84 0.00 0.00 0.00 0.00
0 20498141.520 4439207.900 0.00 102.85 0.00 0.00 0.00 0.00
0 20498141.584 4439207.884 0.00 102.85 0.00 0.00 0.00 0.00
0 20498141.648 4439207.870 0.00 102.85 0.00 0.00 0.00 0.00
0 20498141.711 4439207.854 0.00 102.85 0.00 0.00 0.00 0.00
0 20498141.775 4439207.839 0.00 102.84 0.00 0.00 0.00 0.00
0 20498141.838 4439207.824 0.00 102.83 0.00 0.00 0.00 0.00
0 20498141.902 4439207.809 0.00 102.83 0.00 0.00 0.00 0.00
0 20498141.966 4439207.794 0.00 102.82 0.00 0.00 0.00 0.00
0 20498142.029 4439207.780 0.00 102.82 0.00 0.00 0.00 0.00
0 20498142.092 4439207.765 0.00 102.82 0.00 0.00 0.00 0.00
0 20498142.155 4439207.751 0.00 102.82 0.00 0.00 0.00 0.00
0 20498142.219 4439207.736 0.00 102.82 0.00 0.00 0.00 0.00
0 20498142.282 4439207.722 0.00 102.82 0.00 0.00 0.00 0.00
0 20498142.346 4439207.708 0.00 102.82 0.00 0.00 0.00 0.00
0 20498142.409 4439207.692 0.00 102.81 0.00 0.00 0.00 0.00
0 20498142.471 4439207.678 0.00 102.81 0.00 0.00 0.00 0.00
0 20498142.534 4439207.663 0.00 102.81 0.00 0.00 0.00 0.00
0 20498142.597 4439207.648 0.00 102.81 0.00 0.00 0.00 0.00
0 20498142.659 4439207.633 0.00 102.82 0.00 0.00 0.00 0.00
0 20498142.722 4439207.619 0.00 102.82 0.00 0.00 0.00 0.00
0 20498142.784 4439207.604 0.00 102.81 0.00 0.00 0.00 0.00
0 20498142.846 4439207.590 0.00 102.81 0.00 0.00 0.00 0.00
0 20498142.908 4439207.575 0.00 102.80 0.00 0.00 0.00 0.00
0 20498142.971 4439207.561 0.00 102.80 0.00 0.00 0.00 0.00
0 20498143.032 4439207.546 0.00 102.81 0.00 0.00 0.00 0.00
0 20498143.094 4439207.532 0.00 102.82 0.00 0.00 0.00 0.00
0 20498143.156 4439207.517 0.00 102.84 0.00 0.00 0.00 0.00
0 20498143.217 4439207.503 0.00 102.86 0.00 0.00 0.00 0.00
0 20498143.279 4439207.489 0.00 102.88 0.00 0.00 0.00 0.00
0 20498143.340 4439207.474 0.00 102.90 0.00 0.00 0.00 0.00
0 20498143.401 4439207.460 0.00 102.93 0.00 0.00 0.00 0.00
0 20498143.463 4439207.445 0.00 102.97 0.00 0.00 0.00 0.00
0 20498143.523 4439207.431 0.00 103.01 0.00 0.00 0.00 0.00
0 20498143.585 4439207.415 0.00 103.06 0.00 0.00 0.00 0.00
0 20498143.646 4439207.401 0.00 103.11 0.00 0.00 0.00 0.00
0 20498143.707 4439207.386 0.00 103.17 0.00 0.00 0.00 0.00
0 20498143.768 4439207.372 0.00 103.24 0.00 0.00 0.00 0.00
0 20498143.829 4439207.356 0.00 103.30 0.00 0.00 0.00 0.00
0 20498143.892 4439207.341 0.00 103.38 0.00 0.00 0.00 0.00
0 20498143.953 4439207.326 0.00 103.47 0.00 0.00 0.00 0.00
0 20498144.015 4439207.312 0.00 103.57 0.00 0.00 0.00 0.00
0 20498144.078 4439207.296 0.00 103.68 0.00 0.00 0.00 0.00
0 20498144.141 4439207.281 0.00 103.79 0.00 0.00 0.00 0.00
0 20498144.204 4439207.265 0.00 103.89 0.00 0.00 0.00 0.00
0 20498144.268 4439207.250 0.00 103.99 0.00 0.00 0.00 0.00
0 20498144.332 4439207.233 0.00 104.10 0.00 0.00 0.00 0.00
0 20498144.380 4439207.220 0.00 104.18 0.00 0.00 0.00 0.00
0 20498144.429 4439207.207 0.00 104.27 0.00 0.00 0.00 0.00
0 20498144.478 4439207.195 0.00 104.37 0.00 0.00 0.00 0.00
0 20498144.527 4439207.182 0.00 104.47 0.00 0.00 0.00 0.00
0 20498144.577 4439207.168 0.00 104.58 0.00 0.00 0.00 0.00
0 20498144.627 4439207.155 0.00 104.69 0.00 0.00 0.00 0.00
0 20498144.677 4439207.142 0.00 104.80 0.00 0.00 0.00 0.00
0 20498144.728 4439207.127 0.00 104.91 0.00 0.00 0.00 0.00
0 20498144.780 4439207.114 0.00 105.03 0.00 0.00 0.00 0.00
0 20498144.831 4439207.100 0.00 105.14 0.00 0.00 0.00 0.00
0 20498144.883 4439207.085 0.00 105.27 0.00 0.00 0.00 0.00
0 20498144.935 4439207.071 0.00 105.40 0.00 0.00 0.00 0.00
0 20498144.987 4439207.057 0.00 105.54 0.00 0.00 0.00 0.00
0 20498145.040 4439207.042 0.00 105.69 0.00 0.00 0.00 0.00
0 20498145.092 4439207.027 0.00 105.83 0.00 0.00 0.00 0.00
0 20498145.146 4439207.012 0.00 105.96 0.00 0.00 0.00 0.00
0 20498145.200 4439206.996 0.00 106.10 0.00 0.00 0.00 0.00
0 20498145.255 4439206.981 0.00 106.23 0.00 0.00 0.00 0.00
0 20498145.309 4439206.964 0.00 106.37 0.00 0.00 0.00 0.00
0 20498145.364 4439206.947 0.00 106.51 0.00 0.00 0.00 0.00
0 20498145.419 4439206.931 0.00 106.66 0.00 0.00 0.00 0.00
0 20498145.475 4439206.914 0.00 106.82 0.00 0.00 0.00 0.00
0 20498145.531 4439206.897 0.00 106.98 0.00 0.00 0.00 0.00
