0 20498119.061 4439190.664 0.00 17.88 0.00 0.00 0.00 0.00
0 20498119.092 4439190.760 0.00 17.88 0.00 0.00 0.00 0.00
0 20498119.123 4439190.855 0.00 17.87 0.00 0.00 0.00 0.00
0 20498119.153 4439190.950 0.00 17.86 0.00 0.00 0.00 0.00
0 20498119.184 4439191.045 0.00 17.84 0.00 0.00 0.00 0.00
0 20498119.215 4439191.140 0.00 17.82 0.00 0.00 0.00 0.00
0 20498119.245 4439191.236 0.00 17.79 0.00 0.00 0.00 0.00
0 20498119.276 4439191.331 0.00 17.75 0.00 0.00 0.00 0.00
0 20498119.306 4439191.426 0.00 17.70 0.00 0.00 0.00 0.00
0 20498119.336 4439191.521 0.00 17.64 0.00 0.00 0.00 0.00
0 20498119.367 4439191.617 0.00 17.58 0.00 0.00 0.00 0.00
0 20498119.397 4439191.712 0.00 17.51 0.00 0.00 0.00 0.00
0 20498119.427 4439191.807 0.00 17.44 0.00 0.00 0.00 0.00
0 20498119.457 4439191.903 0.00 17.38 0.00 0.00 0.00 0.00
0 20498119.487 4439191.998 0.00 17.33 0.00 0.00 0.00 0.00
0 20498119.516 4439192.094 0.00 17.28 0.00 0.00 0.00 0.00
0 20498119.546 4439192.189 0.00 17.23 0.00 0.00 0.00 0.00
0 20498119.576 4439192.285 0.00 17.19 0.00 0.00 0.00 0.00
0 20498119.605 4439192.380 0.00 17.15 0.00 0.00 0.00 0.00
0 20498119.635 4439192.476 0.00 17.11 0.00 0.00 0.00 0.00
0 20498119.664 4439192.571 0.00 17.07 0.00 0.00 0.00 0.00
0 20498119.693 4439192.667 0.00 17.03 0.00 0.00 0.00 0.00
0 20498119.723 4439192.763 0.00 17.00 0.00 0.00 0.00 0.00
0 20498119.752 4439192.858 0.00 16.97 0.00 0.00 0.00 0.00
0 20498119.781 4439192.954 0.00 16.94 0.00 0.00 0.00 0.00
0 20498119.810 4439193.050 0.00 16.91 0.00 0.00 0.00 0.00
0 20498119.839 4439193.145 0.00 16.89 0.00 0.00 0.00 0.00
0 20498119.868 4439193.241 0.00 16.87 0.00 0.00 0.00 0.00
0 20498119.897 4439193.337 0.00 16.85 0.00 0.00 0.00 0.00
0 20498119.926 4439193.432 0.00 16.83 0.00 0.00 0.00 0.00
0 20498119.955 4439193.528 0.00 16.82 0.00 0.00 0.00 0.00
0 20498119.984 4439193.624 0.00 16.81 0.00 0.00 0.00 0.00
0 20498120.013 4439193.720 0.00 16.80 0.00 0.00 0.00 0.00
0 20498120.042 4439193.815 0.00 16.79 0.00 0.00 0.00 0.00
0 20498120.071 4439193.911 0.00 16.79 0.00 0.00 0.00 0.00
0 20498120.100 4439194.007 0.00 16.78 0.00 0.00 0.00 0.00
0 20498120.129 4439194.103 0.00 16.78 0.00 0.00 0.00 0.00
0 20498120.157 4439194.198 0.00 16.79 0.00 0.00 0.00 0.00
0 20498120.186 4439194.294 0.00 16.79 0.00 0.00 0.00 0.00
0 20498120.215 4439194.390 0.00 16.80 0.00 0.00 0.00 0.00
0 20498120.244 4439194.485 0.00 16.81 0.00 0.00 0.00 0.00
0 20498120.273 4439194.581 0.00 16.82 0.00 0.00 0.00 0.00
0 20498120.302 4439194.677 0.00 16.84 0.00 0.00 0.00 0.00
0 20498120.331 4439194.773 0.00 16.86 0.00 0.00 0.00 0.00
0 20498120.360 4439194.868 0.00 16.88 0.00 0.00 0.00 0.00
0 20498120.389 4439194.964 0.00 16.90 0.00 0.00 0.00 0.00
0 20498120.418 4439195.060 0.00 16.92 0.00 0.00 0.00 0.00
0 20498120.447 4439195.155 0.00 16.95 0.00 0.00 0.00 0.00
0 20498120.476 4439195.251 0.00 16.98 0.00 0.00 0.00 0.00
0 20498120.506 4439195.347 0.00 17.01 0.00 0.00 0.00 0.00
0 20498120.535 4439195.442 0.00 17.05 0.00 0.00 0.00 0.00
0 20498120.564 4439195.538 0.00 17.08 0.00 0.00 0.00 0.00
0 20498120.594 4439195.633 0.00 17.12 0.00 0.00 0.00 0.00
0 20498120.623 4439195.729 0.00 17.16 0.00 0.00 0.00 0.00
0 20498120.653 4439195.825 0.00 17.21 0.00 0.00 0.00 0.00
0 20498120.682 4439195.920 0.00 17.26 0.00 0.00 0.00 0.00
0 20498120.712 4439196.016 0.00 17.31 0.00 0.00 0.00 0.00
0 20498120.742 4439196.111 0.00 17.36 0.00 0.00 0.00 0.00
0 20498120.772 4439196.206 0.00 17.41 0.00 0.00 0.00 0.00
0 20498120.802 4439196.302 0.00 17.47 0.00 0.00 0.00 0.00
0 20498120.832 4439196.397 0.00 17.52 0.00 0.00 0.00 0.00
0 20498120.862 4439196.493 0.00 17.58 0.00 0.00 0.00 0.00
0 20498120.892 4439196.588 0.00 17.63 0.00 0.00 0.00 0.00
0 20498120.922 4439196.683 0.00 17.69 0.00 0.00 0.00 0.00
0 20498120.953 4439196.778 0.00 17.74 0.00 0.00 0.00 0.00
0 20498120.983 4439196.874 0.00 17.80 0.00 0.00 0.00 0.00
0 20498121.014 4439196.969 0.00 17.85 0.00 0.00 0.00 0.00
0 20498121.045 4439197.064 0.00 17.90 0.00 0.00 0.00 0.00
0 20498121.075 4439197.159 0.00 17.96 0.00 0.00 0.00 0.00
0 20498121.106 4439197.254 0.00 18.01 0.00 0.00 0.00 0.00
0 20498121.137 4439197.349 0.00 18.06 0.00 0.00 0.00 0.00
0 20498121.168 4439197.444 0.00 18.12 0.00 0.00 0.00 0.00
0 20498121.200 4439197.539 0.00 18.17 0.00 0.00 0.00 0.00
0 20498121.231 4439197.634 0.00 18.22 0.00 0.00 0.00 0.00
0 20498121.262 4439197.729 0.00 18.27 0.00 0.00 0.00 0.00
0 20498121.293 4439197.824 0.00 18.33 0.00 0.00 0.00 0.00
0 20498121.325 4439197.919 0.00 18.38 0.00 0.00 0.00 0.00
0 20498121.357 4439198.014 0.00 18.43 0.00 0.00 0.00 0.00
0 20498121.388 4439198.109 0.00 18.48 0.00 0.00 0.00 0.00
0 20498121.420 4439198.204 0.00 18.53 0.00 0.00 0.00 0.00
0 20498121.452 4439198.299 0.00 18.58 0.00 0.00 0.00 0.00
0 20498121.484 4439198.393 0.00 18.63 0.00 0.00 0.00 0.00
0 20498121.516 4439198.488 0.00 18.67 0.00 0.00 0.00 0.00
0 20498121.548 4439198.583 0.00 18.72 0.00 0.00 0.00 0.00
0 20498121.580 4439198.678 0.00 18.77 0.00 0.00 0.00 0.00
0 20498121.612 4439198.772 0.00 18.82 0.00 0.00 0.00 0.00
0 20498121.644 4439198.867 0.00 18.86 0.00 0.00 0.00 0.00
0 20498121.677 4439198.962 0.00 18.91 0.00 0.00 0.00 0.00
0 20498121.709 4439199.056 0.00 18.95 0.00 0.00 0.00 0.00
0 20498121.742 4439199.151 0.00 19.00 0.00 0.00 0.00 0.00
0 20498121.774 4439199.245 0.00 19.04 0.00 0.00 0.00 0.00
0 20498121.807 4439199.340 0.00 19.08 0.00 0.00 0.00 0.00
0 20498121.840 4439199.434 0.00 19.13 0.00 0.00 0.00 0.00
0 20498121.872 4439199.529 0.00 19.17 0.00 0.00 0.00 0.00
0 20498121.905 4439199.623 0.00 19.21 0.00 0.00 0.00 0.00
0 20498121.938 4439199.718 0.00 19.25 0.00 0.00 0.00 0.00
0 20498121.971 4439199.812 0.00 19.29 0.00 0.00 0.00 0.00
0 20498122.004 4439199.906 0.00 19.33 0.00 0.00 0.00 0.00
0 20498122.037 4439200.001 0.00 19.37 0.00 0.00 0.00 0.00
0 20498122.071 4439200.095 0.00 19.41 0.00 0.00 0.00 0.00
0 20498122.104 4439200.189 0.00 19.45 0.00 0.00 0.00 0.00
0 20498122.137 4439200.284 0.00 19.48 0.00 0.00 0.00 0.00
0 20498122.171 4439200.378 0.00 19.52 0.00 0.00 0.00 0.00
0 20498122.204 4439200.472 0.00 19.56 0.00 0.00 0.00 0.00
0 20498122.238 4439200.566 0.00 19.59 0.00 0.00 0.00 0.00
0 20498122.271 4439200.661 0.00 19.63 0.00 0.00 0.00 0.00
0 20498122.305 4439200.755 0.00 19.66 0.00 0.00 0.00 0.00
0 20498122.338 4439200.849 0.00 19.70 0.00 0.00 0.00 0.00
0 20498122.372 4439200.943 0.00 19.73 0.00 0.00 0.00 0.00
0 20498122.406 4439201.037 0.00 19.76 0.00 0.00 0.00 0.00
0 20498122.440 4439201.131 0.00 19.80 0.00 0.00 0.00 0.00
0 20498122.474 4439201.225 0.00 19.83 0.00 0.00 0.00 0.00
0 20498122.508 4439201.319 0.00 19.86 0.00 0.00 0.00 0.00
0 20498122.542 4439201.413 0.00 19.89 0.00 0.00 0.00 0.00
0 20498122.576 4439201.507 0.00 19.92 0.00 0.00 0.00 0.00
0 20498122.610 4439201.601 0.00 19.96 0.00 0.00 0.00 0.00
0 20498122.644 4439201.695 0.00 19.99 0.00 0.00 0.00 0.00
0 20498122.678 4439201.789 0.00 20.02 0.00 0.00 0.00 0.00
0 20498122.712 4439201.883 0.00 20.05 0.00 0.00 0.00 0.00
0 20498122.747 4439201.977 0.00 20.08 0.00 0.00 0.00 0.00
0 20498122.781 4439202.071 0.00 20.11 0.00 0.00 0.00 0.00
0 20498122.815 4439202.165 0.00 20.14 0.00 0.00 0.00 0.00
0 20498122.850 4439202.259 0.00 20.16 0.00 0.00 0.00 0.00
0 20498122.884 4439202.353 0.00 20.19 0.00 0.00 0.00 0.00
0 20498122.919 4439202.447 0.00 20.22 0.00 0.00 0.00 0.00
0 20498122.953 4439202.541 0.00 20.25 0.00 0.00 0.00 0.00
0 20498122.988 4439202.634 0.00 20.29 0.00 0.00 0.00 0.00
0 20498123.023 4439202.728 0.00 20.33 0.00 0.00 0.00 0.00
0 20498123.058 4439202.822 0.00 20.37 0.00 0.00 0.00 0.00
0 20498123.092 4439202.916 0.00 20.41 0.00 0.00 0.00 0.00
0 20498123.127 4439203.009 0.00 20.45 0.00 0.00 0.00 0.00
0 20498123.162 4439203.103 0.00 20.49 0.00 0.00 0.00 0.00
0 20498123.197 4439203.197 0.00 20.54 0.00 0.00 0.00 0.00
0 20498123.232 4439203.290 0.00 20.59 0.00 0.00 0.00 0.00
0 20498123.268 4439203.384 0.00 20.64 0.00 0.00 0.00 0.00
0 20498123.303 4439203.477 0.00 20.69 0.00 0.00 0.00 0.00
0 20498123.338 4439203.571 0.00 20.75 0.00 0.00 0.00 0.00
0 20498123.374 4439203.664 0.00 20.81 0.00 0.00 0.00 0.00
0 20498123.409 4439203.758 0.00 20.88 0.00 0.00 0.00 0.00
0 20498123.445 4439203.851 0.00 20.95 0.00 0.00 0.00 0.00
0 20498123.481 4439203.945 0.00 21.02 0.00 0.00 0.00 0.00
0 20498123.517 4439204.038 0.00 21.10 0.00 0.00 0.00 0.00
0 20498123.553 4439204.131 0.00 21.18 0.00 0.00 0.00 0.00
0 20498123.589 4439204.225 0.00 21.26 0.00 0.00 0.00 0.00
0 20498123.625 4439204.318 0.00 21.35 0.00 0.00 0.00 0.00
0 20498123.662 4439204.411 0.00 21.44 0.00 0.00 0.00 0.00
0 20498123.699 4439204.504 0.00 21.53 0.00 0.00 0.00 0.00
0 20498123.735 4439204.597 0.00 21.63 0.00 0.00 0.00 0.00
0 20498123.772 4439204.690 0.00 21.73 0.00 0.00 0.00 0.00
0 20498123.809 4439204.783 0.00 21.83 0.00 0.00 0.00 0.00
0 20498123.847 4439204.875 0.00 21.94 0.00 0.00 0.00 0.00
0 20498123.884 4439204.968 0.00 22.06 0.00 0.00 0.00 0.00
0 20498123.922 4439205.061 0.00 22.18 0.00 0.00 0.00 0.00
0 20498123.960 4439205.153 0.00 22.30 0.00 0.00 0.00 0.00
0 20498123.998 4439205.246 0.00 22.43 0.00 0.00 0.00 0.00
0 20498124.036 4439205.338 0.00 22.55 0.00 0.00 0.00 0.00
0 20498124.074 4439205.431 0.00 22.68 0.00 0.00 0.00 0.00
0 20498124.113 4439205.523 0.00 22.81 0.00 0.00 0.00 0.00
0 20498124.152 4439205.615 0.00 22.94 0.00 0.00 0.00 0.00
0 20498124.191 4439205.707 0.00 23.08 0.00 0.00 0.00 0.00
0 20498124.230 4439205.799 0.00 23.23 0.00 0.00 0.00 0.00
0 20498124.270 4439205.891 0.00 23.40 0.00 0.00 0.00 0.00
0 20498124.310 4439205.982 0.00 23.57 0.00 0.00 0.00 0.00
0 20498124.350 4439206.074 0.00 23.76 0.00 0.00 0.00 0.00
0 20498124.390 4439206.165 0.00 23.96 0.00 0.00 0.00 0.00
0 20498124.431 4439206.257 0.00 24.19 0.00 0.00 0.00 0.00
0 20498124.472 4439206.348 0.00 24.43 0.00 0.00 0.00 0.00
0 20498124.514 4439206.439 0.00 24.69 0.00 0.00 0.00 0.00
0 20498124.556 4439206.530 0.00 24.97 0.00 0.00 0.00 0.00
0 20498124.598 4439206.620 0.00 25.27 0.00 0.00 0.00 0.00
0 20498124.641 4439206.711 0.00 25.59 0.00 0.00 0.00 0.00
0 20498124.685 4439206.801 0.00 25.93 0.00 0.00 0.00 0.00
0 20498124.729 4439206.890 0.00 26.29 0.00 0.00 0.00 0.00
0 20498124.773 4439206.980 0.00 26.67 0.00 0.00 0.00 0.00
0 20498124.818 4439207.069 0.00 27.07 0.00 0.00 0.00 0.00
0 20498124.864 4439207.158 0.00 27.50 0.00 0.00 0.00 0.00
0 20498124.911 4439207.247 0.00 27.94 0.00 0.00 0.00 0.00
0 20498124.958 4439207.335 0.00 28.41 0.00 0.00 0.00 0.00
0 20498125.006 4439207.422 0.00 28.89 0.00 0.00 0.00 0.00
0 20498125.055 4439207.510 0.00 29.40 0.00 0.00 0.00 0.00
0 20498125.104 4439207.597 0.00 29.93 0.00 0.00 0.00 0.00
0 20498125.154 4439207.683 0.00 30.48 0.00 0.00 0.00 0.00
0 20498125.206 4439207.769 0.00 31.06 0.00 0.00 0.00 0.00
0 20498125.258 4439207.854 0.00 31.66 0.00 0.00 0.00 0.00
0 20498125.311 4439207.939 0.00 32.28 0.00 0.00 0.00 0.00
0 20498125.365 4439208.024 0.00 32.92 0.00 0.00 0.00 0.00
0 20498125.419 4439208.107 0.00 33.57 0.00 0.00 0.00 0.00
0 20498125.475 4439208.190 0.00 34.24 0.00 0.00 0.00 0.00
0 20498125.532 4439208.273 0.00 34.92 0.00 0.00 0.00 0.00
0 20498125.590 4439208.354 0.00 35.61 0.00 0.00 0.00 0.00
0 20498125.648 4439208.435 0.00 36.32 0.00 0.00 0.00 0.00
0 20498125.708 4439208.515 0.00 37.03 0.00 0.00 0.00 0.00
0 20498125.769 4439208.595 0.00 37.75 0.00 0.00 0.00 0.00
0 20498125.831 4439208.674 0.00 38.48 0.00 0.00 0.00 0.00
0 20498125.893 4439208.751 0.00 39.22 0.00 0.00 0.00 0.00
0 20498125.957 4439208.829 0.00 39.97 0.00 0.00 0.00 0.00
0 20498126.022 4439208.905 0.00 40.73 0.00 0.00 0.00 0.00
0 20498126.088 4439208.980 0.00 41.50 0.00 0.00 0.00 0.00
0 20498126.154 4439209.055 0.00 42.29 0.00 0.00 0.00 0.00
0 20498126.222 4439209.128 0.00 43.08 0.00 0.00 0.00 0.00
0 20498126.291 4439209.201 0.00 43.89 0.00 0.00 0.00 0.00
0 20498126.361 4439209.272 0.00 44.71 0.00 0.00 0.00 0.00
0 20498126.432 4439209.343 0.00 45.54 0.00 0.00 0.00 0.00
0 20498126.504 4439209.412 0.00 46.38 0.00 0.00 0.00 0.00
0 20498126.577 4439209.481 0.00 47.24 0.00 0.00 0.00 0.00
0 20498126.651 4439209.548 0.00 48.12 0.00 0.00 0.00 0.00
0 20498126.726 4439209.614 0.00 49.01 0.00 0.00 0.00 0.00
0 20498126.802 4439209.679 0.00 49.94 0.00 0.00 0.00 0.00
0 20498126.879 4439209.743 0.00 50.88 0.00 0.00 0.00 0.00
0 20498126.957 4439209.806 0.00 51.85 0.00 0.00 0.00 0.00
0 20498127.036 4439209.867 0.00 52.84 0.00 0.00 0.00 0.00
0 20498127.116 4439209.926 0.00 53.86 0.00 0.00 0.00 0.00
0 20498127.198 4439209.985 0.00 54.90 0.00 0.00 0.00 0.00
0 20498127.280 4439210.041 0.00 55.96 0.00 0.00 0.00 0.00
0 20498127.363 4439210.097 0.00 57.05 0.00 0.00 0.00 0.00
0 20498127.448 4439210.150 0.00 58.16 0.00 0.00 0.00 0.00
0 20498127.533 4439210.202 0.00 59.28 0.00 0.00 0.00 0.00
0 20498127.620 4439210.252 0.00 60.42 0.00 0.00 0.00 0.00
0 20498127.707 4439210.301 0.00 61.57 0.00 0.00 0.00 0.00
0 20498127.796 4439210.348 0.00 62.75 0.00 0.00 0.00 0.00
0 20498127.885 4439210.393 0.00 63.93 0.00 0.00 0.00 0.00
0 20498127.975 4439210.436 0.00 65.11 0.00 0.00 0.00 0.00
0 20498128.067 4439210.477 0.00 66.30 0.00 0.00 0.00 0.00
0 20498128.159 4439210.516 0.00 67.48 0.00 0.00 0.00 0.00
0 20498128.251 4439210.553 0.00 68.66 0.00 0.00 0.00 0.00
0 20498128.345 4439210.589 0.00 69.85 0.00 0.00 0.00 0.00
0 20498128.439 4439210.622 0.00 71.03 0.00 0.00 0.00 0.00
0 20498128.534 4439210.654 0.00 72.22 0.00 0.00 0.00 0.00
0 20498128.630 4439210.683 0.00 73.40 0.00 0.00 0.00 0.00
0 20498128.726 4439210.711 0.00 74.59 0.00 0.00 0.00 0.00
0 20498128.823 4439210.737 0.00 75.78 0.00 0.00 0.00 0.00
0 20498128.920 4439210.760 0.00 76.98 0.00 0.00 0.00 0.00
0 20498129.018 4439210.782 0.00 78.19 0.00 0.00 0.00 0.00
0 20498129.116 4439210.801 0.00 79.42 0.00 0.00 0.00 0.00
0 20498129.214 4439210.818 0.00 80.66 0.00 0.00 0.00 0.00
0 20498129.313 4439210.834 0.00 81.90 0.00 0.00 0.00 0.00
0 20498129.412 4439210.847 0.00 83.12 0.00 0.00 0.00 0.00
0 20498129.512 4439210.858 0.00 84.30 0.00 0.00 0.00 0.00
0 20498129.611 4439210.866 0.00 85.46 0.00 0.00 0.00 0.00
0 20498129.711 4439210.873 0.00 86.59 0.00 0.00 0.00 0.00
0 20498129.811 4439210.878 0.00 87.70 0.00 0.00 0.00 0.00
0 20498129.911 4439210.881 0.00 88.79 0.00 0.00 0.00 0.00
0 20498130.011 4439210.883 0.00 89.87 0.00 0.00 0.00 0.00
0 20498130.111 4439210.882 0.00 90.94 0.00 0.00 0.00 0.00
0 20498130.211 4439210.879 0.00 92.00 0.00 0.00 0.00 0.00
0 20498130.311 4439210.875 0.00 93.05 0.00 0.00 0.00 0.00
0 20498130.411 4439210.869 0.00 94.07 0.00 0.00 0.00 0.00
0 20498130.511 4439210.861 0.00 95.05 0.00 0.00 0.00 0.00
0 20498130.610 4439210.851 0.00 96.01 0.00 0.00 0.00 0.00
0 20498130.710 4439210.840 0.00 96.94 0.00 0.00 0.00 0.00
0 20498130.809 4439210.827 0.00 97.83 0.00 0.00 0.00 0.00
0 20498130.908 4439210.813 0.00 98.69 0.00 0.00 0.00 0.00
0 20498131.007 4439210.797 0.00 99.51 0.00 0.00 0.00 0.00
0 20498131.105 4439210.780 0.00 100.28 0.00 0.00 0.00 0.00
0 20498131.203 4439210.761 0.00 101.02 0.00 0.00 0.00 0.00
0 20498131.301 4439210.741 0.00 101.72 0.00 0.00 0.00 0.00
0 20498131.399 4439210.720 0.00 102.38 0.00 0.00 0.00 0.00
0 20498131.497 4439210.698 0.00 103.00 0.00 0.00 0.00 0.00
0 20498131.594 4439210.675 0.00 103.58 0.00 0.00 0.00 0.00
0 20498131.691 4439210.652 0.00 104.12 0.00 0.00 0.00 0.00
0 20498131.788 4439210.627 0.00 104.63 0.00 0.00 0.00 0.00
0 20498131.885 4439210.601 0.00 105.09 0.00 0.00 0.00 0.00
0 20498131.981 4439210.575 0.00 105.53 0.00 0.00 0.00 0.00
0 20498132.078 4439210.548 0.00 105.92 0.00 0.00 0.00 0.00
0 20498132.174 4439210.520 0.00 106.29 0.00 0.00 0.00 0.00
0 20498132.270 4439210.491 0.00 106.61 0.00 0.00 0.00 0.00
0 20498132.365 4439210.463 0.00 106.90 0.00 0.00 0.00 0.00
0 20498132.461 4439210.433 0.00 107.14 0.00 0.00 0.00 0.00
0 20498132.556 4439210.404 0.00 107.34 0.00 0.00 0.00 0.00
0 20498132.652 4439210.374 0.00 107.50 0.00 0.00 0.00 0.00
0 20498132.747 4439210.344 0.00 107.61 0.00 0.00 0.00 0.00
0 20498132.842 4439210.313 0.00 107.70 0.00 0.00 0.00 0.00
0 20498132.938 4439210.283 0.00 107.79 0.00 0.00 0.00 0.00
0 20498133.033 4439210.252 0.00 107.88 0.00 0.00 0.00 0.00
0 20498133.128 4439210.221 0.00 107.96 0.00 0.00 0.00 0.00
0 20498133.223 4439210.190 0.00 108.05 0.00 0.00 0.00 0.00
0 20498133.318 4439210.159 0.00 108.13 0.00 0.00 0.00 0.00
0 20498133.413 4439210.128 0.00 108.19 0.00 0.00 0.00 0.00
0 20498133.508 4439210.097 0.00 108.25 0.00 0.00 0.00 0.00
0 20498133.603 4439210.066 0.00 108.29 0.00 0.00 0.00 0.00
0 20498133.698 4439210.034 0.00 108.31 0.00 0.00 0.00 0.00
0 20498133.793 4439210.003 0.00 108.32 0.00 0.00 0.00 0.00
0 20498133.888 4439209.971 0.00 108.33 0.00 0.00 0.00 0.00
0 20498133.983 4439209.940 0.00 108.33 0.00 0.00 0.00 0.00
0 20498134.078 4439209.908 0.00 108.32 0.00 0.00 0.00 0.00
0 20498134.173 4439209.877 0.00 108.31 0.00 0.00 0.00 0.00
0 20498134.268 4439209.846 0.00 108.29 0.00 0.00 0.00 0.00
0 20498134.363 4439209.814 0.00 108.26 0.00 0.00 0.00 0.00
0 20498134.458 4439209.783 0.00 108.21 0.00 0.00 0.00 0.00
0 20498134.553 4439209.752 0.00 108.16 0.00 0.00 0.00 0.00
0 20498134.648 4439209.721 0.00 108.10 0.00 0.00 0.00 0.00
0 20498134.743 4439209.690 0.00 108.02 0.00 0.00 0.00 0.00
0 20498134.838 4439209.659 0.00 107.95 0.00 0.00 0.00 0.00
0 20498134.933 4439209.628 0.00 107.87 0.00 0.00 0.00 0.00
0 20498135.028 4439209.597 0.00 107.79 0.00 0.00 0.00 0.00
0 20498135.123 4439209.567 0.00 107.71 0.00 0.00 0.00 0.00
0 20498135.219 4439209.537 0.00 107.63 0.00 0.00 0.00 0.00
0 20498135.314 4439209.506 0.00 107.54 0.00 0.00 0.00 0.00
0 20498135.409 4439209.476 0.00 107.45 0.00 0.00 0.00 0.00
0 20498135.505 4439209.446 0.00 107.36 0.00 0.00 0.00 0.00
0 20498135.600 4439209.417 0.00 107.26 0.00 0.00 0.00 0.00
0 20498135.696 4439209.387 0.00 107.16 0.00 0.00 0.00 0.00
0 20498135.791 4439209.358 0.00 107.05 0.00 0.00 0.00 0.00
0 20498135.887 4439209.328 0.00 106.95 0.00 0.00 0.00 0.00
0 20498135.983 4439209.299 0.00 106.84 0.00 0.00 0.00 0.00
0 20498136.078 4439209.270 0.00 106.73 0.00 0.00 0.00 0.00
0 20498136.174 4439209.242 0.00 106.62 0.00 0.00 0.00 0.00
0 20498136.270 4439209.213 0.00 106.50 0.00 0.00 0.00 0.00
0 20498136.366 4439209.185 0.00 106.38 0.00 0.00 0.00 0.00
0 20498136.462 4439209.157 0.00 106.25 0.00 0.00 0.00 0.00
0 20498136.558 4439209.129 0.00 106.12 0.00 0.00 0.00 0.00
0 20498136.654 4439209.101 0.00 105.98 0.00 0.00 0.00 0.00
0 20498136.750 4439209.074 0.00 105.84 0.00 0.00 0.00 0.00
0 20498136.847 4439209.047 0.00 105.71 0.00 0.00 0.00 0.00
0 20498136.943 4439209.020 0.00 105.59 0.00 0.00 0.00 0.00
0 20498137.039 4439208.993 0.00 105.46 0.00 0.00 0.00 0.00
0 20498137.136 4439208.966 0.00 105.35 0.00 0.00 0.00 0.00
0 20498137.232 4439208.940 0.00 105.23 0.00 0.00 0.00 0.00
0 20498137.329 4439208.914 0.00 105.12 0.00 0.00 0.00 0.00
0 20498137.425 4439208.888 0.00 105.01 0.00 0.00 0.00 0.00
0 20498137.522 4439208.862 0.00 104.90 0.00 0.00 0.00 0.00
0 20498137.618 4439208.836 0.00 104.80 0.00 0.00 0.00 0.00
0 20498137.715 4439208.811 0.00 104.70 0.00 0.00 0.00 0.00
0 20498137.812 4439208.786 0.00 104.60 0.00 0.00 0.00 0.00
0 20498137.909 4439208.761 0.00 104.50 0.00 0.00 0.00 0.00
0 20498138.006 4439208.736 0.00 104.40 0.00 0.00 0.00 0.00
0 20498138.102 4439208.711 0.00 104.31 0.00 0.00 0.00 0.00
0 20498138.199 4439208.686 0.00 104.22 0.00 0.00 0.00 0.00
0 20498138.296 4439208.662 0.00 104.14 0.00 0.00 0.00 0.00
0 20498138.393 4439208.637 0.00 104.06 0.00 0.00 0.00 0.00
0 20498138.490 4439208.613 0.00 103.98 0.00 0.00 0.00 0.00
0 20498138.587 4439208.589 0.00 103.90 0.00 0.00 0.00 0.00
0 20498138.684 4439208.565 0.00 103.83 0.00 0.00 0.00 0.00
0 20498138.782 4439208.541 0.00 103.75 0.00 0.00 0.00 0.00
0 20498138.879 4439208.518 0.00 103.69 0.00 0.00 0.00 0.00
0 20498138.976 4439208.494 0.00 103.62 0.00 0.00 0.00 0.00
0 20498139.073 4439208.470 0.00 103.56 0.00 0.00 0.00 0.00
0 20498139.170 4439208.447 0.00 103.50 0.00 0.00 0.00 0.00
0 20498139.268 4439208.424 0.00 103.44 0.00 0.00 0.00 0.00
0 20498139.365 4439208.401 0.00 103.38 0.00 0.00 0.00 0.00
0 20498139.462 4439208.377 0.00 103.33 0.00 0.00 0.00 0.00
0 20498139.559 4439208.354 0.00 103.28 0.00 0.00 0.00 0.00
0 20498139.657 4439208.332 0.00 103.24 0.00 0.00 0.00 0.00
0 20498139.754 4439208.309 0.00 103.19 0.00 0.00 0.00 0.00
0 20498139.851 4439208.286 0.00 103.15 0.00 0.00 0.00 0.00
0 20498139.949 4439208.263 0.00 103.12 0.00 0.00 0.00 0.00
0 20498140.046 4439208.240 0.00 103.08 0.00 0.00 0.00 0.00
0 20498140.144 4439208.218 0.00 103.05 0.00 0.00 0.00 0.00
0 20498140.241 4439208.195 0.00 103.02 0.00 0.00 0.00 0.00
0 20498140.339 4439208.173 0.00 102.99 0.00 0.00 0.00 0.00
0 20498140.436 4439208.150 0.00 102.97 0.00 0.00 0.00 0.00
0 20498140.533 4439208.128 0.00 102.95 0.00 0.00 0.00 0.00
0 20498140.631 4439208.106 0.00 102.93 0.00 0.00 0.00 0.00
0 20498140.728 4439208.083 0.00 102.91 0.00 0.00 0.00 0.00
0 20498140.826 4439208.061 0.00 102.90 0.00 0.00 0.00 0.00
0 20498140.923 4439208.039 0.00 102.89 0.00 0.00 0.00 0.00
0 20498141.021 4439208.016 0.00 102.88 0.00 0.00 0.00 0.00
0 20498141.118 4439207.994 0.00 102.88 0.00 0.00 0.00 0.00
0 20498141.216 4439207.972 0.00 102.88 0.00 0.00 0.00 0.00
0 20498141.313 4439207.949 0.00 102.88 0.00 0.00 0.00 0.00
0 20498141.411 4439207.927 0.00 102.88 0.00 0.00 0.00 0.00
0 20498141.508 4439207.905 0.00 102.89 0.00 0.00 0.00 0.00
0 20498141.606 4439207.882 0.00 102.90 0.00 0.00 0.00 0.00
0 20498141.703 4439207.860 0.00 102.91 0.00 0.00 0.00 0.00
0 20498141.801 4439207.838 0.00 102.93 0.00 0.00 0.00 0.00
0 20498141.898 4439207.815 0.00 102.95 0.00 0.00 0.00 0.00
0 20498141.996 4439207.793 0.00 102.97 0.00 0.00 0.00 0.00
0 20498142.093 4439207.770 0.00 103.00 0.00 0.00 0.00 0.00
0 20498142.190 4439207.748 0.00 103.02 0.00 0.00 0.00 0.00
0 20498142.288 4439207.725 0.00 103.05 0.00 0.00 0.00 0.00
0 20498142.385 4439207.703 0.00 103.09 0.00 0.00 0.00 0.00
0 20498142.483 4439207.680 0.00 103.12 0.00 0.00 0.00 0.00
0 20498142.580 4439207.657 0.00 103.16 0.00 0.00 0.00 0.00
0 20498142.677 4439207.635 0.00 103.21 0.00 0.00 0.00 0.00
0 20498142.775 4439207.612 0.00 103.25 0.00 0.00 0.00 0.00
0 20498142.872 4439207.589 0.00 103.30 0.00 0.00 0.00 0.00
0 20498142.969 4439207.566 0.00 103.36 0.00 0.00 0.00 0.00
0 20498143.067 4439207.542 0.00 103.42 0.00 0.00 0.00 0.00
0 20498143.164 4439207.519 0.00 103.48 0.00 0.00 0.00 0.00
0 20498143.261 4439207.496 0.00 103.55 0.00 0.00 0.00 0.00
0 20498143.358 4439207.472 0.00 103.63 0.00 0.00 0.00 0.00
0 20498143.455 4439207.449 0.00 103.71 0.00 0.00 0.00 0.00
0 20498143.553 4439207.425 0.00 103.80 0.00 0.00 0.00 0.00
0 20498143.650 4439207.401 0.00 103.90 0.00 0.00 0.00 0.00
0 20498143.747 4439207.377 0.00 103.99 0.00 0.00 0.00 0.00
0 20498143.845 4439207.352 0.00 104.07 0.00 0.00 0.00 0.00
0 20498143.941 4439207.328 0.00 104.15 0.00 0.00 0.00 0.00
0 20498144.038 4439207.304 0.00 104.24 0.00 0.00 0.00 0.00
0 20498144.134 4439207.279 0.00 104.32 0.00 0.00 0.00 0.00
0 20498144.230 4439207.255 0.00 104.45 0.00 0.00 0.00 0.00
0 20498144.326 4439207.230 0.00 104.60 0.00 0.00 0.00 0.00
0 20498144.423 4439207.204 0.00 104.78 0.00 0.00 0.00 0.00
0 20498144.521 4439207.178 0.00 104.98 0.00 0.00 0.00 0.00
0 20498144.621 4439207.151 0.00 105.19 0.00 0.00 0.00 0.00
0 20498144.721 4439207.124 0.00 105.31 0.00 0.00 0.00 0.00
0 20498144.821 4439207.097 0.00 105.37 0.00 0.00 0.00 0.00
0 20498144.917 4439207.070 0.00 105.35 0.00 0.00 0.00 0.00
0 20498145.009 4439207.045 0.00 105.24 0.00 0.00 0.00 0.00
0 20498145.094 4439207.022 0.00 105.05 0.00 0.00 0.00 0.00
0 20498145.175 4439207.000 0.00 105.01 0.00 0.00 0.00 0.00
0 20498145.261 4439206.977 0.00 105.16 0.00 0.00 0.00 0.00
0 20498145.357 4439206.951 0.00 105.43 0.00 0.00 0.00 0.00
0 20498145.473 4439206.919 0.00 105.72 0.00 0.00 0.00 0.00
0 20498145.601 4439206.882 0.00 106.56 0.00 0.00 0.00 0.00
0 20498145.572 4439206.887 0.00 283.86 0.00 0.00 0.00 0.00
